0
29.928000751457468
30.501154404599745
2073.6040107809335
1
23.01722113790384
30.78474884040762
1528.5979959435606
2
26.57344090491284
19.170683486063517
1409.0917913376898
3
26.808021152306047
28.418950307712635
2279.6244450529152
4
16.033521296411
28.14827043817288
2167.967199156976
5
24.40143046875243
24.32408324737581
1019.5744986400169
6
15.474968221027893
29.730296240344302
2737.316683847461
7
22.63722260967813
30.951396077993657
1885.6910511481487
8
17.276781166712766
30.020738920357026
1467.7108506169604
9
23.42255261204631
19.625402157343284
1516.6136881661632
0.0
90.0919747246305
39.658854152886626
67.87757901432519
59.664056204720815
0.0
38.964711005187546
53.83573353869882
53.66976317891254
93.45795661879652
90.0919747246305
0.0
60.10108892350348
30.09522923179148
59.2169562144747
49.33205691634133
64.61346430677838
99.48188945219293
49.79453950105934
75.80708099033447
39.658854152886626
60.10108892350348
0.0
0.0
0.0
74.66843349300413
82.6626329981635
46.327530576801294
50.434133763525764
96.86103875853962
67.87757901432519
30.09522923179148
0.0
0.0
54.55837870027264
94.03481037417066
0.0
0.0
86.91493794768087
78.4435817584897
59.664056204720815
59.2169562144747
0.0
54.55837870027264
0.0
68.04332841430042
40.97732542672762
65.90573127263514
74.79309156795827
0.0
0.0
49.33205691634133
74.66843349300413
94.03481037417066
68.04332841430042
0.0
99.92973480292716
0.0
79.60900957403607
72.39306982446033
38.964711005187546
64.61346430677838
82.6626329981635
0.0
40.97732542672762
99.92973480292716
0.0
73.08682359173534
49.79460855630236
0.0
53.83573353869882
99.48188945219293
46.327530576801294
0.0
65.90573127263514
0.0
73.08682359173534
0.0
42.4035136102907
37.524478159443476
53.66976317891254
49.79453950105934
50.434133763525764
86.91493794768087
74.79309156795827
79.60900957403607
49.79460855630236
42.4035136102907
0.0
77.81625446758987
93.45795661879652
75.80708099033447
96.86103875853962
78.4435817584897
0.0
72.39306982446033
0.0
37.524478159443476
77.81625446758987
0.0
end 
