0
27.669734090572597
23.377419195419883
2386.814389943778
1
20.65114641293208
27.060142277514473
2055.5089796622397
2
28.287991355120624
27.65735870613633
2063.5605206190494
3
15.915745253744271
16.215772380210396
1141.453485825108
4
29.29210120680451
17.003708168700577
2500.513270644755
5
16.07239528893292
15.168497045081548
1204.7174308439016
6
18.232745928099526
16.840604707111954
1031.3575266801722
7
27.738961409259176
17.774571927571436
1581.2351103358812
8
25.227152750299744
28.099646805705135
2356.731644662501
9
27.243764699240806
22.62173943162569
2202.295644169494
10
29.720557907460005
18.297421898365208
2366.4594411767566
11
19.264555973324875
27.425224867653853
1857.6241238550915
12
29.916434926205888
22.380200915968423
2351.769013706293
13
19.683085338980145
19.48569589149721
1290.2260006786762
14
19.418750215147785
17.10998032630107
1355.5520197080878
0.0
0.0
92.34242892576324
31.010770949300472
56.694829312723904
30.96224146414795
63.66463298001925
33.76320021461365
33.649568762565636
35.585950821424134
89.3278395668954
37.5155643432277
57.06714043501687
62.901791547624164
0.0
0.0
0.0
72.64879921689128
49.413609729519834
81.3731413110088
0.0
40.194289503943345
32.851131173125395
38.202675014540446
94.99220940210398
59.66878673916027
0.0
30.30949605823426
37.7539848702766
36.59656161371962
92.34242892576324
72.64879921689128
0.0
59.28870197579375
93.25128070732063
46.607439580873546
33.35624912132654
79.12110151219132
0.0
34.34174616818246
72.47836772270459
43.81019390113517
49.08926685785403
64.0922796074654
63.17435304258423
31.010770949300472
49.413609729519834
59.28870197579375
0.0
75.9326313942952
74.79239898262408
54.839094996996664
91.92720893061394
80.67334435121728
33.25078899140812
40.443202680070996
87.1300753297543
43.891602531690324
58.20389027785111
0.0
56.694829312723904
81.3731413110088
93.25128070732063
75.9326313942952
0.0
50.07564304517551
0.0
53.89895183661196
0.0
90.02891088920504
0.0
0.0
0.0
48.238435588830065
97.5647953204868
30.96224146414795
0.0
46.607439580873546
74.79239898262408
50.07564304517551
0.0
85.45252147781916
0.0
95.38138693854746
0.0
47.11109146787868
47.904182193840576
0.0
88.24998812723166
74.45191564232576
63.66463298001925
40.194289503943345
33.35624912132654
54.839094996996664
0.0
85.45252147781916
0.0
71.66802992144625
62.79303951622662
0.0
36.93301270256722
90.15374927178135
86.93499424782513
30.68969246228106
93.90056770676429
33.76320021461365
32.851131173125395
79.12110151219132
91.92720893061394
53.89895183661196
0.0
71.66802992144625
0.0
81.43879617766767
85.66821070550887
87.3930950648925
98.6502011360364
34.90465601279377
44.48446168723533
0.0
33.649568762565636
38.202675014540446
0.0
80.67334435121728
0.0
95.38138693854746
62.79303951622662
81.43879617766767
0.0
36.676109031176104
80.09595151312311
93.08819320180282
0.0
88.07169114266323
0.0
35.585950821424134
94.99220940210398
34.34174616818246
33.25078899140812
90.02891088920504
0.0
0.0
85.66821070550887
36.676109031176104
0.0
52.94842351451216
31.382925127938414
0.0
88.88161036112231
58.426463731301894
89.3278395668954
59.66878673916027
72.47836772270459
40.443202680070996
0.0
47.11109146787868
36.93301270256722
87.3930950648925
80.09595151312311
52.94842351451216
0.0
45.723070544356055
88.79606031647373
46.85072850212087
49.7316299491379
37.5155643432277
0.0
43.81019390113517
87.1300753297543
0.0
47.904182193840576
90.15374927178135
98.6502011360364
93.08819320180282
31.382925127938414
45.723070544356055
0.0
37.12050367834333
31.134066044869673
72.84169958260303
57.06714043501687
30.30949605823426
49.08926685785403
43.891602531690324
0.0
0.0
86.93499424782513
34.90465601279377
0.0
0.0
88.79606031647373
37.12050367834333
0.0
0.0
77.36311283278238
62.901791547624164
37.7539848702766
64.0922796074654
58.20389027785111
48.238435588830065
88.24998812723166
30.68969246228106
44.48446168723533
88.07169114266323
88.88161036112231
46.85072850212087
31.134066044869673
0.0
0.0
83.26371759639633
0.0
36.59656161371962
63.17435304258423
0.0
97.5647953204868
74.45191564232576
93.90056770676429
0.0
0.0
58.426463731301894
49.7316299491379
72.84169958260303
77.36311283278238
83.26371759639633
0.0
end 
