0
28.70229367170006
26.570987516957942
2410.2460192881217
1
18.672399997341447
28.47021927826131
2586.98311407283
2
27.280537974363885
22.32692721461227
1792.7452510343815
3
23.53984031816323
27.25491979680247
2132.537840501993
4
15.673459911142126
28.67087757131592
1794.19579523638
5
21.106864345839675
22.735431020276234
2180.1787344218146
6
19.784904464573568
15.47452293291077
2600.760068000839
7
23.467922758518625
26.996795897630328
1696.666842673931
8
27.54786564095491
20.798356602384164
1808.8825868704353
9
28.627108285733563
25.77961949286788
1057.5643375268796
10
21.829685850227882
19.527251184252076
1344.0844187425473
11
28.251579003553772
15.383349274510367
1612.7424798042584
12
24.216901866826852
15.769137254887056
2647.8632708154228
13
21.95347710746512
15.511468691369227
2587.4709876203756
14
27.2983750310065
28.674462481144175
1848.2928375165302
15
17.699597613631585
18.072133322862975
1829.7689140951693
16
17.74410548924964
30.26139543188632
2041.8045199349776
17
25.821662094471424
19.081629566200633
1875.989462833068
18
24.98696787242017
24.519803220213163
1240.7926177030135
19
17.156250957288847
17.626693912049184
1178.9314097881584
0.0
0.0
59.83579733463194
97.7780344541744
67.13794497907305
0.0
59.850284255854056
66.7942991210986
0.0
97.05469468376212
0.0
0.0
58.55909378028818
58.53452079199765
0.0
66.9641462355381
98.22630929798453
52.134940441606425
0.0
65.28439344446105
0.0
0.0
33.18216771871929
56.8099965727698
0.0
67.5122765033663
56.43876933327098
83.73149824640079
0.0
99.21218921247993
95.23125071630695
62.036357372971246
52.84884959008429
65.37979800703387
63.46600009011633
75.81463840485193
43.50886764090242
61.65290213456238
33.43731869127925
89.83304706820034
59.83579733463194
33.18216771871929
0.0
40.41829922309518
73.15153409264319
0.0
50.5593380613086
0.0
83.51135509812752
66.75673093156067
0.0
0.0
0.0
42.704469355871574
50.84988382363797
66.59625329435167
0.0
0.0
50.35171066140332
0.0
97.7780344541744
56.8099965727698
40.41829922309518
0.0
64.97686797803043
0.0
43.77914519760961
61.42942234168342
34.15642762052835
0.0
0.0
65.81440123649892
81.64716673059566
75.16038949669628
0.0
0.0
0.0
0.0
56.60548630367768
45.49531862819197
67.13794497907305
0.0
73.15153409264319
64.97686797803043
0.0
73.33025248854953
0.0
0.0
66.71113463634623
78.45412906643928
34.63163917993924
0.0
76.19240214314343
47.41847223582368
57.36900819857585
97.73643258306588
39.53589132261345
38.42369507695558
0.0
0.0
0.0
67.5122765033663
0.0
0.0
73.33025248854953
0.0
72.20329044988509
0.0
56.34403533253071
74.42401391749353
0.0
85.09111980180259
0.0
99.20698872934653
41.46667547947516
81.65399145658697
63.864483936547266
60.977503848869105
38.32561611788097
0.0
59.850284255854056
56.43876933327098
50.5593380613086
43.77914519760961
0.0
72.20329044988509
0.0
88.40698412995148
0.0
0.0
84.1670734141943
0.0
88.31942522987347
65.64066928660793
66.73550501413253
83.2322016684513
93.32538726067048
0.0
85.37560006523552
53.07344381435723
66.7942991210986
83.73149824640079
0.0
61.42942234168342
0.0
0.0
88.40698412995148
0.0
67.56902969918403
0.0
56.5872256179361
57.3930750500911
65.54227928742407
75.25451492620789
92.34757972176746
38.02876251715594
0.0
98.91751726003486
98.89253204599754
76.91006392101166
0.0
0.0
83.51135509812752
34.15642762052835
66.71113463634623
56.34403533253071
0.0
67.56902969918403
0.0
50.16424054891146
48.28410490909198
94.30180323409186
0.0
69.52430773989161
35.442337194982635
89.32553736724297
32.26189587075582
98.19237605293621
89.74538113532623
45.94679463078078
97.05469468376212
99.21218921247993
66.75673093156067
0.0
78.45412906643928
74.42401391749353
0.0
0.0
50.16424054891146
0.0
56.596279792339274
95.03758187376005
82.54717714052232
0.0
49.26176919140247
46.36256435293955
0.0
69.34110096662475
0.0
0.0
0.0
95.23125071630695
0.0
0.0
34.63163917993924
0.0
84.1670734141943
56.5872256179361
48.28410490909198
56.596279792339274
0.0
60.68057986660472
0.0
45.92523911113935
63.14405208680362
0.0
52.74011633938578
80.19852278765615
95.67685777514772
0.0
0.0
62.036357372971246
0.0
65.81440123649892
0.0
85.09111980180259
0.0
57.3930750500911
94.30180323409186
95.03758187376005
60.68057986660472
0.0
0.0
0.0
0.0
48.79596348377005
0.0
43.79687914405704
0.0
31.637351053957868
58.55909378028818
52.84884959008429
0.0
81.64716673059566
76.19240214314343
0.0
88.31942522987347
65.54227928742407
0.0
82.54717714052232
0.0
0.0
0.0
96.9745780307359
33.46604821697987
0.0
0.0
88.45801829058242
0.0
0.0
58.53452079199765
65.37979800703387
42.704469355871574
75.16038949669628
47.41847223582368
99.20698872934653
65.64066928660793
75.25451492620789
69.52430773989161
0.0
45.92523911113935
0.0
96.9745780307359
0.0
0.0
81.50753046110401
66.54664058847274
0.0
75.45085338605287
92.88850106548544
0.0
63.46600009011633
50.84988382363797
0.0
57.36900819857585
41.46667547947516
66.73550501413253
92.34757972176746
35.442337194982635
49.26176919140247
63.14405208680362
0.0
33.46604821697987
0.0
0.0
93.77684548663785
33.049518159407356
63.12313210369123
98.38081249098117
61.134039307778295
66.9641462355381
75.81463840485193
66.59625329435167
0.0
97.73643258306588
81.65399145658697
83.2322016684513
38.02876251715594
89.32553736724297
46.36256435293955
0.0
48.79596348377005
0.0
81.50753046110401
93.77684548663785
0.0
60.35244488189795
0.0
98.76086026076915
30.342738360569303
98.22630929798453
43.50886764090242
0.0
0.0
39.53589132261345
63.864483936547266
93.32538726067048
0.0
32.26189587075582
0.0
52.74011633938578
0.0
0.0
66.54664058847274
33.049518159407356
60.35244488189795
0.0
36.03300939765727
77.41590334253098
0.0
52.134940441606425
61.65290213456238
0.0
0.0
38.42369507695558
60.977503848869105
0.0
98.91751726003486
98.19237605293621
69.34110096662475
80.19852278765615
43.79687914405704
88.45801829058242
0.0
63.12313210369123
0.0
36.03300939765727
0.0
0.0
89.00028620940766
0.0
33.43731869127925
50.35171066140332
56.60548630367768
0.0
38.32561611788097
85.37560006523552
98.89253204599754
89.74538113532623
0.0
95.67685777514772
0.0
0.0
75.45085338605287
98.38081249098117
98.76086026076915
77.41590334253098
0.0
0.0
31.138980222336553
65.28439344446105
89.83304706820034
0.0
45.49531862819197
0.0
0.0
53.07344381435723
76.91006392101166
45.94679463078078
0.0
0.0
31.637351053957868
0.0
92.88850106548544
61.134039307778295
30.342738360569303
0.0
89.00028620940766
31.138980222336553
0.0
end 
