0
22.458334300059846
20.17425316388021
2201.394108667072
1
27.649290236614824
26.791833907869773
2489.838636149826
2
21.195652135242526
23.37665827911906
2810.515870460758
3
29.31953249022306
29.80993329983455
2977.949281663424
4
30.251643220393298
29.813164586751633
1477.7757846392808
5
20.637991107139356
21.14955786361033
2052.6191910125754
6
27.000678289183554
18.163966760245476
1380.2145034546868
7
16.966003320332646
28.13426398644094
2431.8804304636355
8
17.239855797016077
23.439615578455047
2163.4888989558317
9
30.538969348765978
23.172999406445427
2958.7560141678105
10
18.413305748404632
18.021639758223454
2792.277615789843
11
19.521221870387627
21.01941553403855
1770.2637508237556
12
23.540810834993934
15.229190431299743
2567.778924827743
13
16.504155571422803
25.82022229717924
2132.329472917245
14
15.42886606789091
21.063999625773413
2734.0034377168026
15
17.330564710146454
25.003726087233524
2588.582102344088
16
25.4757268946534
26.455439021553815
2865.84913698987
17
22.618915166525817
17.998209807976522
1495.5408635757221
18
30.571540323742074
16.382712829899308
1640.4112877351781
19
24.65968515826449
23.008162791057458
2767.8645058790235
20
21.130820434023654
28.207803221485587
2131.961657689788
21
28.22754430565407
23.005146517706827
2175.757523343314
22
25.818047205712833
18.676405059288598
1809.0340175572605
23
16.813656845739075
17.849898232583122
1312.7547290046896
24
15.428586270458137
29.35028173142765
2697.0169071913506
0.0
37.66263840118756
81.31154615605263
0.0
75.23042498146967
66.42480871840235
85.07230246536481
64.00970355526832
0.0
67.33731690074505
65.91093404139872
84.9222322216881
70.95068008059137
59.15288534845902
94.11811690636642
0.0
0.0
90.90985387765897
0.0
0.0
57.40408749401213
35.37386157062224
0.0
59.82192963829643
87.0783282167861
37.66263840118756
0.0
70.91784032138591
58.67598471579862
69.77999732555733
0.0
91.38485106158552
35.065358450055164
0.0
0.0
0.0
49.00358925820024
30.18546924508795
53.261608642639665
56.684189338370906
66.38910659522666
78.7443004283913
64.48823520611859
60.483571649710235
0.0
45.3224885815182
0.0
0.0
99.56424021764008
55.328246365732284
81.31154615605263
70.91784032138591
0.0
44.983366571764286
34.40366512476474
51.13854863618056
49.95334373872443
74.81306530280355
45.09788469975858
40.30100121693809
80.28737554188805
50.096263431593925
0.0
40.91325236837412
0.0
0.0
0.0
50.1154067996785
76.26370046524093
0.0
61.88042148943998
78.27933331815859
0.0
81.40913750101275
44.84616517126208
0.0
58.67598471579862
44.983366571764286
0.0
72.27301259075807
93.10332941544684
39.03832482160464
31.61848778119263
84.63138750351811
90.77242286709912
51.61344910071324
0.0
52.942676155154956
70.74274977472811
95.96279048120076
41.686048137383274
70.27883485864672
97.96060379635962
0.0
75.42108434635668
65.12512862009379
65.23113462621083
91.545656732622
32.95496094880838
55.77066940834035
75.23042498146967
69.77999732555733
34.40366512476474
72.27301259075807
0.0
83.41601377895225
71.4037209638896
0.0
51.73249145010092
50.66891628033248
0.0
35.43174551016228
64.31817243502942
0.0
46.55478889084851
0.0
0.0
40.13837256609618
54.919952639544576
0.0
0.0
46.25547319092877
0.0
35.890566852561086
68.96155964164767
66.42480871840235
0.0
51.13854863618056
93.10332941544684
83.41601377895225
0.0
91.01909529066333
54.93512814255415
35.21598027029132
47.46166500430375
74.1263229411949
45.769805391337826
67.88324398213868
67.5141615953377
0.0
49.065389868411884
86.58632021901798
57.00737846628933
42.527898330302776
68.15978891544573
95.20950151823943
0.0
39.641139480830844
82.72722438961901
78.0223833609763
85.07230246536481
91.38485106158552
49.95334373872443
39.03832482160464
71.4037209638896
91.01909529066333
0.0
82.074682520486
33.12301687672696
94.54527357165887
61.855968771218116
0.0
0.0
66.11572060134833
0.0
75.89030580682578
74.88081294614794
46.07630247571411
0.0
37.74866971413065
0.0
69.7739480279069
37.72569825103568
40.745777192499006
0.0
64.00970355526832
35.065358450055164
74.81306530280355
31.61848778119263
0.0
54.93512814255415
82.074682520486
0.0
45.33037917649483
95.18331248157311
38.887759548029976
95.1034828009749
35.790006490710155
66.90651887060278
65.9484701867248
80.02815875778558
98.14507911928654
69.86531913737336
64.57163264540752
68.75290247664684
43.07260439157794
42.89386238199239
0.0
0.0
71.92911783643893
0.0
0.0
45.09788469975858
84.63138750351811
51.73249145010092
35.21598027029132
33.12301687672696
45.33037917649483
0.0
96.40581358822544
47.52553904597737
49.19309564728762
68.47822021433831
75.88363788023543
42.378556147226575
97.78525108694026
0.0
85.79428351851098
81.51786984194408
69.55656678669476
0.0
71.57603273573524
0.0
43.788449657879646
61.44931366764823
67.33731690074505
0.0
40.30100121693809
90.77242286709912
50.66891628033248
47.46166500430375
94.54527357165887
95.18331248157311
96.40581358822544
0.0
78.19547621407506
53.55190912710678
0.0
0.0
58.37680051225746
0.0
98.18800426368679
0.0
77.12745519667169
81.53223029636061
80.87121795722368
46.67715715786442
0.0
39.649391908995
53.7114941769632
65.91093404139872
0.0
80.28737554188805
51.61344910071324
0.0
74.1263229411949
61.855968771218116
38.887759548029976
47.52553904597737
78.19547621407506
0.0
71.78481542560752
37.43794610656411
0.0
0.0
41.58694140361089
0.0
79.434524044684
63.15597136574725
32.99474332518171
96.30165580274775
58.47290100338866
72.9197658371512
54.201379253481775
44.23272359780312
84.9222322216881
49.00358925820024
50.096263431593925
0.0
35.43174551016228
45.769805391337826
0.0
95.1034828009749
49.19309564728762
53.55190912710678
71.78481542560752
0.0
90.47791541710424
36.95385748879175
88.52078548300413
0.0
96.28607041101249
35.200005198757694
0.0
37.236286964744494
42.143309142440835
50.48290719960838
36.36578990104063
40.78168846443596
77.14284119524716
70.95068008059137
30.18546924508795
0.0
52.942676155154956
64.31817243502942
67.88324398213868
0.0
35.790006490710155
68.47822021433831
0.0
37.43794610656411
90.47791541710424
0.0
62.567107315042385
72.67636007426293
53.93389868509804
0.0
66.25394032705844
95.86367797937604
91.73691082545173
76.091010572452
0.0
52.276702356074175
40.42709680730935
0.0
59.15288534845902
53.261608642639665
40.91325236837412
70.74274977472811
0.0
67.5141615953377
66.11572060134833
66.90651887060278
75.88363788023543
0.0
0.0
36.95385748879175
62.567107315042385
0.0
97.31016728362711
0.0
81.57049322665605
0.0
52.30429919693577
90.4663168482438
0.0
36.21031289101943
0.0
47.03090335986349
59.70153911780713
94.11811690636642
56.684189338370906
0.0
95.96279048120076
46.55478889084851
0.0
0.0
65.9484701867248
42.378556147226575
58.37680051225746
0.0
88.52078548300413
72.67636007426293
97.31016728362711
0.0
46.95727078558729
66.82395310349966
33.05081498503695
0.0
75.55817735970808
64.01527052496343
39.328892801477906
92.54652262574638
34.850408846992295
0.0
0.0
66.38910659522666
0.0
41.686048137383274
0.0
49.065389868411884
75.89030580682578
80.02815875778558
97.78525108694026
0.0
41.58694140361089
0.0
53.93389868509804
0.0
46.95727078558729
0.0
43.70458115025146
70.72433609911658
55.09439182086342
34.38705559204347
96.88296268617333
74.31887876548217
94.74667630995349
0.0
49.95791560155436
0.0
78.7443004283913
0.0
70.27883485864672
0.0
86.58632021901798
74.88081294614794
98.14507911928654
0.0
98.18800426368679
0.0
96.28607041101249
0.0
81.57049322665605
66.82395310349966
43.70458115025146
0.0
58.673280045796105
64.96562609895881
64.0302916991848
58.70828952187536
72.00156372474677
86.3664812225526
89.61964768349091
72.6998807668028
90.90985387765897
64.48823520611859
50.1154067996785
97.96060379635962
40.13837256609618
57.00737846628933
46.07630247571411
69.86531913737336
85.79428351851098
0.0
79.434524044684
35.200005198757694
66.25394032705844
0.0
33.05081498503695
70.72433609911658
58.673280045796105
0.0
0.0
70.06827948098339
91.87742875091934
98.4127809428348
0.0
71.94346741803719
96.02243524757904
0.0
60.483571649710235
76.26370046524093
0.0
54.919952639544576
42.527898330302776
0.0
64.57163264540752
81.51786984194408
77.12745519667169
63.15597136574725
0.0
95.86367797937604
52.30429919693577
0.0
55.09439182086342
64.96562609895881
0.0
0.0
72.33908372570579
89.94765155071548
58.504872096788304
0.0
47.41881033763623
90.40245849539201
0.0
0.0
0.0
75.42108434635668
0.0
68.15978891544573
37.74866971413065
68.75290247664684
69.55656678669476
81.53223029636061
32.99474332518171
37.236286964744494
91.73691082545173
90.4663168482438
75.55817735970808
34.38705559204347
64.0302916991848
70.06827948098339
72.33908372570579
0.0
0.0
53.41187462223597
0.0
37.69604797167043
56.813224198640285
57.40408749401213
45.3224885815182
61.88042148943998
65.12512862009379
0.0
95.20950151823943
0.0
43.07260439157794
0.0
80.87121795722368
96.30165580274775
42.143309142440835
76.091010572452
0.0
64.01527052496343
96.88296268617333
58.70828952187536
91.87742875091934
89.94765155071548
0.0
0.0
66.64474203467583
0.0
39.77907409804382
87.9991290540347
35.37386157062224
0.0
78.27933331815859
65.23113462621083
46.25547319092877
0.0
69.7739480279069
42.89386238199239
71.57603273573524
46.67715715786442
58.47290100338866
50.48290719960838
0.0
36.21031289101943
39.328892801477906
74.31887876548217
72.00156372474677
98.4127809428348
58.504872096788304
53.41187462223597
66.64474203467583
0.0
44.44229948437344
95.75734805858374
94.63446310307761
0.0
0.0
0.0
91.545656732622
0.0
39.641139480830844
37.72569825103568
0.0
0.0
0.0
72.9197658371512
36.36578990104063
52.276702356074175
0.0
92.54652262574638
94.74667630995349
86.3664812225526
0.0
0.0
0.0
0.0
44.44229948437344
0.0
99.42803951843894
71.89527619559782
59.82192963829643
99.56424021764008
81.40913750101275
32.95496094880838
35.890566852561086
82.72722438961901
40.745777192499006
0.0
43.788449657879646
39.649391908995
54.201379253481775
40.78168846443596
40.42709680730935
47.03090335986349
34.850408846992295
0.0
89.61964768349091
71.94346741803719
47.41881033763623
37.69604797167043
39.77907409804382
95.75734805858374
99.42803951843894
0.0
0.0
87.0783282167861
55.328246365732284
44.84616517126208
55.77066940834035
68.96155964164767
78.0223833609763
0.0
71.92911783643893
61.44931366764823
53.7114941769632
44.23272359780312
77.14284119524716
0.0
59.70153911780713
0.0
49.95791560155436
72.6998807668028
96.02243524757904
90.40245849539201
56.813224198640285
87.9991290540347
94.63446310307761
71.89527619559782
0.0
0.0