0
20.305394862008228
29.186807257919877
1793.0766635714767
1
25.468147971460063
28.565355978621923
1950.575005886857
2
16.78906914387668
15.360872773504346
2656.4884650026434
3
26.817001829348403
25.797539456002923
2968.6518195418157
4
17.592987241077594
22.386361463508962
1879.745957548661
5
21.57902655649312
16.174871679116457
2380.164267854347
6
19.974305083468224
15.840354701858931
1978.30497631452
7
29.292280753240846
15.084901662023697
2027.9071828196288
8
20.190892314642525
28.987683211212154
1402.6146020579927
9
20.742161620413192
16.557385835733058
2248.22139064831
10
19.788116101298904
18.84401924630879
2439.102705496408
11
29.07350580439814
26.552334413475876
2800.4469456964944
12
23.664426499718758
26.23909422874208
1330.519818377289
13
20.566821673669065
26.648085703545195
2991.0503474593716
14
30.67798780217669
23.27360170733548
2618.3496672495585
15
23.297593736561318
29.616624050932906
1424.330265595469
16
28.378936218169635
25.06390764827976
2531.920940384631
17
18.766315234143164
29.494524984192672
2299.5353922268077
18
16.995841106786727
17.445593383425074
2867.4458267136624
19
23.403866057496266
18.944493596483692
1563.3831833006966
20
22.711267732942197
17.625776995106968
1604.0990098108716
21
17.137669149157436
17.09509245974587
2312.9136122590326
22
25.920569766603133
26.650676068449016
1669.4929483406281
23
21.214379233801857
27.535586980407338
2794.9542532473024
24
30.720846551430313
29.754651646645122
2401.2291609497743
25
30.230284192482273
29.36945277515277
1768.1231775937808
26
24.213964535448298
28.69559362299229
1653.259356120799
27
15.586780466686855
29.584639347389526
1696.7061845615947
28
15.969330112399795
25.32465714873316
1032.3959026683353
29
19.880817912891388
18.62180211250952
1449.1660169577206
0.0
98.05679385514559
69.3191717498258
0.0
89.65313363320689
39.01756155819555
99.93941073755595
55.03898477750114
91.69469750775121
94.76961308955728
32.22711621401638
72.90138323510425
33.52095591245768
0.0
0.0
38.6345252319284
0.0
94.38258693773928
0.0
98.41282391683282
0.0
86.42895798247677
33.46838377199112
35.10484326658341
49.72799281053854
0.0
0.0
39.608484738026405
34.311970720535975
74.67489253480349
98.05679385514559
0.0
99.96081925080783
98.54823601810146
0.0
48.205686503264744
33.453885049218336
68.09399866412895
84.37775358533251
94.65152965419446
99.29637438882581
68.7077394123757
0.0
99.64273750893152
0.0
89.19758015797834
41.79623086011728
72.64845764052632
33.67091541546831
86.62251839795644
0.0
0.0
0.0
37.76468371401887
46.778870183676744
80.90102676632773
53.90170729123789
71.2136716079244
48.02942162344804
61.38101856070944
69.3191717498258
99.96081925080783
0.0
63.89767476048243
97.34173247940146
0.0
0.0
0.0
60.223542347333996
75.62531860536401
30.571644633388495
58.41540492928284
62.047268754411235
63.958988532652
0.0
86.14355709779043
90.04217192748976
31.902153435123104
53.33664259597078
99.98063751131542
0.0
49.07761757184763
86.68566103720623
83.32482977337276
30.6597240921858
0.0
90.09326086999997
40.71300747099348
61.63175495092076
54.29378947425786
0.0
98.54823601810146
63.89767476048243
0.0
74.47412524313299
91.45904313239498
52.717220970530505
84.97983089901845
71.92928737821845
52.89938001628539
58.0131569699267
35.539457884119386
85.36112651878885
36.89103660738484
34.621449882226
75.62212944548486
95.33579022638085
58.869958928404486
88.74384089361337
0.0
93.92084927350902
56.579345417451755
99.09086382405867
39.814861548080806
58.6076561025904
52.05842104384875
52.14135637446903
96.73826884624827
95.85454902492555
85.33261642299664
89.65313363320689
0.0
97.34173247940146
74.47412524313299
0.0
91.67483528954315
96.7148850027056
79.41327045817062
64.98654499412703
39.87671218872611
99.27635141042019
0.0
0.0
72.27529573863492
51.46349310835955
0.0
60.87367651749744
0.0
0.0
33.173990614917635
47.9317468228643
67.5075421784088
55.69163375498618
0.0
44.7209622283268
73.88057623497863
92.47652551822202
0.0
39.30240104227985
0.0
39.01756155819555
48.205686503264744
0.0
91.45904313239498
91.67483528954315
0.0
48.544854601437706
88.6944413087071
88.5100657894032
83.96276662662979
74.3370343774526
0.0
97.74221593858317
57.77119587568203
90.31143533003106
66.15410333997237
0.0
93.71671874055914
0.0
65.77849884554614
33.09386205905055
64.18561725511427
83.79266869483466
99.40881520958968
94.91607006868735
41.37870758553654
40.260598539015604
0.0
44.5955696349316
98.97206048694014
99.93941073755595
33.453885049218336
0.0
52.717220970530505
96.7148850027056
48.544854601437706
0.0
40.57449401143663
96.05099547318575
57.81590224699653
73.33648925336666
0.0
99.92429166716393
0.0
73.6690443368651
0.0
59.48691180865431
90.38219412890163
0.0
80.48660746371851
0.0
53.121865357972034
0.0
95.72472965612404
93.7772010698425
0.0
37.85825149652637
79.1950953012097
56.60294742990401
44.79466576980495
55.03898477750114
68.09399866412895
0.0
84.97983089901845
79.41327045817062
88.6944413087071
40.57449401143663
0.0
49.966106680651485
50.80940295357159
60.08369639100584
31.88151040133246
76.85301388734209
38.8166859578005
97.55141054376753
94.46414797157503
79.4149383899896
59.08922246969367
67.96339627525407
87.23953500087507
0.0
43.53565550483127
50.54097316698468
0.0
60.812756556675566
88.84086907081678
31.192025944924406
47.557210418235485
49.30028711527085
52.72230028438665
91.69469750775121
84.37775358533251
60.223542347333996
71.92928737821845
64.98654499412703
88.5100657894032
96.05099547318575
49.966106680651485
0.0
62.820588436877635
32.14405346970934
99.27430544354583
67.67057661196395
68.3488788022487
36.304985684173374
47.89090987206775
74.11674954070322
99.68061783961713
63.16042766076111
34.4911046942306
91.97397040900614
91.23024039755882
92.65536103219648
0.0
77.29026951212555
61.16848434314336
92.05230614963983
0.0
56.5099724873874
98.33949314364641
94.76961308955728
94.65152965419446
75.62531860536401
52.89938001628539
39.87671218872611
83.96276662662979
57.81590224699653
50.80940295357159
62.820588436877635
0.0
47.107273780250026
0.0
71.71857548041217
96.04372828401281
60.712290605206206
72.48192859346346
0.0
0.0
64.64659144264002
0.0
58.44811373863178
0.0
91.54986900237631
0.0
0.0
58.344752021760755
47.773792170120686
68.81970307234809
55.8458798252196
96.84791315602921
32.22711621401638
99.29637438882581
30.571644633388495
58.0131569699267
99.27635141042019
74.3370343774526
73.33648925336666
60.08369639100584
32.14405346970934
47.107273780250026
0.0
54.8286481394839
67.47598452371298
79.20072815283814
77.84632029522159
59.56822188743853
99.868954615745
0.0
49.25833872900407
0.0
94.84903450302208
40.79418711596456
0.0
82.77012774565948
79.80071624420955
30.978743864624285
94.89899608245486
47.833237662868825
50.06447556366713
81.44029707876642
72.90138323510425
68.7077394123757
58.41540492928284
35.539457884119386
0.0
0.0
0.0
31.88151040133246
99.27430544354583
0.0
54.8286481394839
0.0
44.83906438099178
70.9919310352428
0.0
63.86066565271119
76.52062119906434
78.57609667789743
0.0
0.0
51.57970815232984
91.75015209015734
72.13229227844349
0.0
98.61540939699192
0.0
85.25279826206838
70.22690230943832
74.17407151765337
91.025550633275
33.52095591245768
0.0
62.047268754411235
85.36112651878885
0.0
97.74221593858317
99.92429166716393
76.85301388734209
67.67057661196395
71.71857548041217
67.47598452371298
44.83906438099178
0.0
33.18704665352455
76.48315704862661
0.0
76.67754313936813
71.96236767581682
0.0
0.0
0.0
0.0
47.30326458058822
69.44130558111348
97.93736632773891
0.0
63.05287623637218
31.792754950592002
62.27694473742986
83.12013535847318
0.0
99.64273750893152
63.958988532652
36.89103660738484
72.27529573863492
57.77119587568203
0.0
38.8166859578005
68.3488788022487
96.04372828401281
79.20072815283814
70.9919310352428
33.18704665352455
0.0
34.375667060434544
96.6262487850981
33.96381364222957
0.0
62.42409787197999
87.61194449738107
0.0
34.89783949318041
0.0
58.024461052417394
75.05804069314195
85.14515186964371
0.0
76.69958388234582
0.0
55.33064913026007
0.0
0.0
0.0
34.621449882226
51.46349310835955
90.31143533003106
73.6690443368651
97.55141054376753
36.304985684173374
60.712290605206206
77.84632029522159
0.0
76.48315704862661
34.375667060434544
0.0
0.0
31.557062735359338
58.59485826538166
0.0
0.0
92.05774565978534
79.95641204779378
65.5471074337962
58.65334151423352
76.46404489435966
74.26109551025618
79.82560395011777
0.0
61.3651751317396
0.0
38.6345252319284
89.19758015797834
86.14355709779043
75.62212944548486
0.0
66.15410333997237
0.0
94.46414797157503
47.89090987206775
72.48192859346346
59.56822188743853
63.86066565271119
0.0
96.6262487850981
0.0
0.0
0.0
87.39374064736546
91.51392561659475
0.0
0.0
84.20759646130955
81.44451895966378
69.1682587721759
54.33476621916208
39.72487706178448
55.378792145093726
92.07546472810674
0.0
49.025573441852096
0.0
41.79623086011728
90.04217192748976
95.33579022638085
60.87367651749744
0.0
59.48691180865431
79.4149383899896
74.11674954070322
0.0
99.868954615745
76.52062119906434
76.67754313936813
33.96381364222957
31.557062735359338
0.0
0.0
65.51750052520826
70.17112844732732
60.326237538849384
85.5448445691964
35.694692770150276
37.56670535644477
66.1510856436821
86.59595065373745
0.0
45.091986966087305
0.0
42.810286154384464
42.30407589569281
94.38258693773928
72.64845764052632
31.902153435123104
58.869958928404486
0.0
93.71671874055914
90.38219412890163
59.08922246969367
99.68061783961713
0.0
0.0
78.57609667789743
71.96236767581682
0.0
58.59485826538166
87.39374064736546
65.51750052520826
0.0
96.48402668922847
34.66873468866531
41.80404016006514
0.0
0.0
58.02854019290804
78.76845904544834
0.0
0.0
0.0
51.80348745921137
92.32890541390897
0.0
33.67091541546831
53.33664259597078
88.74384089361337
0.0
0.0
0.0
67.96339627525407
63.16042766076111
64.64659144264002
49.25833872900407
0.0
0.0
62.42409787197999
0.0
91.51392561659475
70.17112844732732
96.48402668922847
0.0
0.0
0.0
65.59564885708184
56.18144717513367
87.01341644807226
31.597749796190513
99.30983826427625
96.00965993453109
0.0
88.5986271383237
0.0
98.41282391683282
86.62251839795644
99.98063751131542
0.0
33.173990614917635
65.77849884554614
80.48660746371851
87.23953500087507
34.4911046942306
0.0
0.0
0.0
0.0
87.61194449738107
0.0
0.0
60.326237538849384
34.66873468866531
0.0
0.0
0.0
94.85792776839882
0.0
0.0
46.564655832765126
68.22001495219891
79.21323645209404
0.0
93.0725122746893
38.5213814682384
0.0
0.0
0.0
93.92084927350902
47.9317468228643
33.09386205905055
0.0
0.0
91.97397040900614
58.44811373863178
94.84903450302208
51.57970815232984
0.0
0.0
92.05774565978534
0.0
85.5448445691964
41.80404016006514
0.0
0.0
0.0
54.71028411809453
74.38818653207119
0.0
47.529685527440286
65.57674318256576
65.3341423210174
46.705680339064294
71.25407666622496
0.0
86.42895798247677
0.0
49.07761757184763
56.579345417451755
67.5075421784088
64.18561725511427
53.121865357972034
43.53565550483127
91.23024039755882
0.0
40.79418711596456
91.75015209015734
0.0
34.89783949318041
79.95641204779378
84.20759646130955
35.694692770150276
0.0
65.59564885708184
94.85792776839882
54.71028411809453
0.0
57.26687541701101
0.0
0.0
57.37518850821695
70.3608786007492
0.0
0.0
0.0
33.46838377199112
0.0
86.68566103720623
99.09086382405867
55.69163375498618
83.79266869483466
0.0
50.54097316698468
92.65536103219648
91.54986900237631
0.0
72.13229227844349
47.30326458058822
0.0
65.5471074337962
81.44451895966378
37.56670535644477
0.0
56.18144717513367
0.0
74.38818653207119
57.26687541701101
0.0
88.48939049406138
88.322672364905
92.69896998745934
80.05962260949124
69.77105155154287
51.442910921071956
59.93892425617385
35.10484326658341
37.76468371401887
83.32482977337276
39.814861548080806
0.0
99.40881520958968
95.72472965612404
0.0
0.0
0.0
82.77012774565948
0.0
69.44130558111348
58.024461052417394
58.65334151423352
69.1682587721759
66.1510856436821
58.02854019290804
87.01341644807226
0.0
0.0
0.0
88.48939049406138
0.0
94.47459220346585
57.325318572142535
59.08748467062279
0.0
75.87575755369595
40.220059899069085
49.72799281053854
46.778870183676744
30.6597240921858
58.6076561025904
44.7209622283268
94.91607006868735
93.7772010698425
60.812756556675566
77.29026951212555
0.0
79.80071624420955
98.61540939699192
97.93736632773891
75.05804069314195
76.46404489435966
54.33476621916208
86.59595065373745
78.76845904544834
31.597749796190513
46.564655832765126
47.529685527440286
0.0
88.322672364905
94.47459220346585
0.0
0.0
89.26401913421884
72.74218869128434
0.0
93.66478872428847
0.0
80.90102676632773
0.0
52.05842104384875
73.88057623497863
41.37870758553654
0.0
88.84086907081678
61.16848434314336
58.344752021760755
30.978743864624285
0.0
0.0
85.14515186964371
74.26109551025618
39.72487706178448
0.0
0.0
99.30983826427625
68.22001495219891
65.57674318256576
57.37518850821695
92.69896998745934
57.325318572142535
0.0
0.0
32.0499927825107
52.46345977657415
78.3799829637154
41.21625885571234
0.0
53.90170729123789
90.09326086999997
52.14135637446903
92.47652551822202
40.260598539015604
37.85825149652637
31.192025944924406
92.05230614963983
47.773792170120686
94.89899608245486
85.25279826206838
63.05287623637218
0.0
79.82560395011777
55.378792145093726
45.091986966087305
0.0
96.00965993453109
79.21323645209404
65.3341423210174
70.3608786007492
80.05962260949124
59.08748467062279
89.26401913421884
32.0499927825107
0.0
66.31159875428443
44.60689987675245
55.25274347058527
39.608484738026405
71.2136716079244
40.71300747099348
96.73826884624827
0.0
0.0
79.1950953012097
47.557210418235485
0.0
68.81970307234809
47.833237662868825
70.22690230943832
31.792754950592002
76.69958388234582
0.0
92.07546472810674
0.0
0.0
0.0
0.0
46.705680339064294
0.0
69.77105155154287
0.0
72.74218869128434
52.46345977657415
66.31159875428443
0.0
80.46740659462301
36.99799336655715
34.311970720535975
48.02942162344804
61.63175495092076
95.85454902492555
39.30240104227985
44.5955696349316
56.60294742990401
49.30028711527085
56.5099724873874
55.8458798252196
50.06447556366713
74.17407151765337
62.27694473742986
0.0
61.3651751317396
0.0
42.810286154384464
51.80348745921137
88.5986271383237
93.0725122746893
71.25407666622496
0.0
51.442910921071956
75.87575755369595
0.0
78.3799829637154
44.60689987675245
80.46740659462301
0.0
39.20830714632445
74.67489253480349
61.38101856070944
54.29378947425786
85.33261642299664
0.0
98.97206048694014
44.79466576980495
52.72230028438665
98.33949314364641
96.84791315602921
81.44029707876642
91.025550633275
83.12013535847318
55.33064913026007
0.0
49.025573441852096
42.30407589569281
92.32890541390897
0.0
38.5213814682384
0.0
0.0
59.93892425617385
40.220059899069085
93.66478872428847
41.21625885571234
55.25274347058527
36.99799336655715
39.20830714632445
0.0
end 
