0
21.438849670342968
16.857708729574917
2805.5337763010875
1
21.07935061550819
21.92125010193232
1325.715808034364
2
23.382194020241997
25.363039874184572
2420.259206206971
3
30.001273160653916
27.79688364412397
2442.041235255828
4
18.059404600752927
23.64666450830542
2218.0902370260596
5
28.078821598417587
30.60463560769403
2139.0438519929035
6
21.940702628357496
26.97484537223516
1354.1390353145498
7
25.93364688466358
27.40681932707716
1133.0596894152116
8
18.525051348725775
26.809934282816396
1552.1577749792689
9
22.918897208215668
28.505997061489992
2585.402066700229
10
23.322280678851993
20.958797252518796
1048.9500124739868
11
15.771156140131291
25.394511079370098
2007.6076504703888
12
26.28924071765126
24.194129406993405
1765.3728000488827
13
30.7468148492986
26.216518474387307
1969.1092109362448
14
27.23673791011563
19.528974320417422
1755.4955082840033
15
16.430203687782026
30.972549905190817
1208.3700711079127
16
27.263154034101994
22.088975944652496
2970.6461843867464
17
20.251950686193393
23.972069142111643
2180.5420563423577
18
27.937685200976347
25.2237308017398
1102.7380476967103
19
27.711652679806505
18.786637263767304
1548.0958480209838
20
21.891748915591993
30.89369143844897
1921.2903089622919
21
26.37469929599804
15.815721758258045
2457.651743155582
22
26.57190502257079
30.97802182101811
1320.704420646403
23
28.67457023606113
17.939561879534036
2741.9883885942754
24
20.802210145324782
21.237231639922015
1698.5814005264663
25
26.91478170983805
23.739412531191906
2953.305511071171
26
25.888967661587664
18.247996384212357
1615.5331164718157
27
23.89450697274573
23.30559824110522
2141.6850412951508
28
30.416893515644496
15.47184679166987
1622.0905825078726
29
27.294354219862363
16.368708054843175
2722.051472176156
30
18.52349198834316
26.24009226133891
1238.9098237497392
31
28.11949655693295
24.769599638409233
1137.0483394919142
32
15.938476436253175
20.099999175485372
2094.6505235260765
33
24.621913794646456
20.270266555757473
1144.1809637639424
34
21.82808337138723
22.687511350948643
1027.2139671363736
0.0
98.0859370482756
89.68381619313604
36.786030158663586
54.69013236767648
97.11559747605864
50.733442195941166
69.40747605159385
0.0
63.39487999585073
0.0
51.226762978584716
91.42383433820942
69.72525496921439
0.0
0.0
49.07726537017634
50.40695118986747
69.49490702053468
65.4905833673154
0.0
0.0
0.0
0.0
94.40330477261462
75.54880283331184
83.12470218357396
52.20321011480133
53.27512166659428
53.77739545401346
58.565552519523166
60.72998268419071
81.09308236219974
33.8762411115422
79.31147055778123
98.0859370482756
0.0
87.02978338743073
0.0
32.32847561785892
79.00128167967705
0.0
53.19308489284451
0.0
84.79169617168313
78.27013626588837
33.44739217475234
61.14530676712691
61.14577622772096
37.55468315049231
69.69908525385685
86.74626508991716
32.746083021056904
30.273549260435427
43.53044104243765
58.57983307461321
35.781815452487905
56.968741743532206
0.0
0.0
67.01547207217703
43.04795250132597
61.05926305219872
79.5030404992807
37.70319826130937
50.18093491527336
0.0
86.8235263019499
81.28990547569421
52.26410833178011
89.68381619313604
87.02978338743073
0.0
86.76131020787253
92.13464232371443
38.41968317169483
0.0
0.0
65.37743192964265
58.262223108712455
0.0
52.04371942203265
0.0
43.896776688374516
0.0
39.533817852760954
0.0
36.994060992029524
88.4320256608911
84.92771943747647
97.8956596937298
93.69422026883905
63.3488737458376
0.0
68.08348106795668
31.175140276965667
93.470469486122
30.714947084382693
65.2460276042985
50.56722042232539
56.90813436498739
48.89095135105638
0.0
78.33014696563502
45.88963387884489
36.786030158663586
0.0
86.76131020787253
0.0
55.00683189649267
66.45682492742182
39.19489273440644
97.63760131332883
98.82413898302076
0.0
35.33026775779098
51.89079540891255
30.048830884900713
81.09767726299016
0.0
0.0
63.780561351655884
89.50268259365814
52.376714303070884
0.0
56.51115411304359
33.6773551532512
0.0
41.13711201396238
96.0652874777174
97.97900470280685
69.73162005399291
0.0
92.63739634690143
0.0
86.12650708041716
71.16090764693756
59.35433251193547
64.63661781431459
0.0
54.69013236767648
32.32847561785892
92.13464232371443
55.00683189649267
0.0
48.64702800152922
81.23462947704937
0.0
48.08400617225951
0.0
58.16064042726664
88.01594008359208
54.55650746791818
0.0
83.08465249844284
0.0
0.0
47.466161016280694
65.59560168543291
57.43480830853469
35.94725614410478
48.602559095995936
87.34458514370965
52.00134640814461
37.91527205962478
87.30879665249061
76.02976222300912
92.00397496933908
51.650559083930176
0.0
81.20891671395
54.449254444999895
66.93421016203249
35.95837164641276
30.16695176894966
97.11559747605864
79.00128167967705
38.41968317169483
66.45682492742182
48.64702800152922
0.0
69.01782916520165
63.76482100382111
73.76092175951528
45.372138005348134
0.0
76.45031597063362
93.5127808332656
77.71355283087678
41.763317833681796
73.39954451404532
39.82620235947193
69.75757312116309
0.0
90.39198094368979
54.597945251532245
0.0
68.61688445930136
0.0
73.85889017780167
71.2432775792565
55.29648197816182
62.768143989088564
0.0
60.37688844636642
68.99664826711026
61.850960434278605
95.48249348904687
0.0
0.0
50.733442195941166
0.0
0.0
39.19489273440644
81.23462947704937
69.01782916520165
0.0
82.92400622508208
90.96734268014598
66.33618080595551
61.48004298798948
42.89267630678482
34.396348976156474
0.0
50.45962552351993
31.709212823192022
85.07095827596517
48.43772539254036
72.12294996333611
63.69718377309826
70.23829761072184
65.86831728913293
0.0
49.43502202749033
87.552291776398
45.9098780457077
0.0
63.12535155380026
70.63545516564301
0.0
87.7591240214639
0.0
0.0
0.0
71.46262457972855
69.40747605159385
53.19308489284451
0.0
97.63760131332883
0.0
63.76482100382111
82.92400622508208
0.0
43.390396378437025
59.676417602713464
0.0
32.65529712058631
45.156810545268094
64.77948628811743
43.42435562321699
39.36872738001867
57.08905178938712
71.48093611983641
70.53606798555224
65.35913523245964
0.0
0.0
66.07926214198925
52.307944940463926
0.0
70.08140261663698
55.80594008142486
47.99664524836716
0.0
35.373709773497694
85.3977868301369
66.6509106439368
36.24626070228633
47.95601416245287
41.873852852072744
0.0
0.0
65.37743192964265
98.82413898302076
48.08400617225951
73.76092175951528
90.96734268014598
43.390396378437025
0.0
0.0
0.0
0.0
69.08872226324806
0.0
33.8732345073682
68.39536613476352
0.0
66.73103504622026
75.85121744691776
97.2600120451994
83.78244059693274
86.37379662233226
32.291423193289845
40.38941902131815
0.0
0.0
79.90534509049692
91.33175885990778
55.31332187127117
50.16397352192498
0.0
45.5198067297249
40.52774773773504
39.22628609952969
77.28977572276155
63.39487999585073
84.79169617168313
58.262223108712455
0.0
0.0
45.372138005348134
66.33618080595551
59.676417602713464
0.0
0.0
41.556709025172125
0.0
66.15025733658652
30.980334646574363
62.89585280700513
53.49863877353586
77.76722395514224
87.42601864015279
91.40506388832836
88.4289483727697
36.83965162927773
0.0
62.85144992502177
65.64422233974442
77.87965386479097
61.359158196149565
47.486841804602754
82.23999499460072
65.00688109879212
42.117317120583266
84.32935689466622
79.91883283772259
80.6090311979274
45.90116491275061
77.74372117768328
0.0
78.27013626588837
0.0
35.33026775779098
58.16064042726664
0.0
61.48004298798948
0.0
0.0
41.556709025172125
0.0
0.0
38.17524083085978
47.99643141428809
58.78208942364708
95.30390604522819
74.42641102613149
51.637002598015044
65.64598168684721
72.00843588723355
71.08836383889775
0.0
51.81861224641066
0.0
75.59965339933927
69.14540251432737
0.0
55.39414291181456
78.0492163296778
80.38775934558637
68.2507317724429
33.533192438047074
55.03390269227374
0.0
46.93033620272964
51.226762978584716
33.44739217475234
52.04371942203265
51.89079540891255
88.01594008359208
76.45031597063362
42.89267630678482
32.65529712058631
0.0
0.0
0.0
0.0
34.5371422484976
40.08466012892539
0.0
0.0
74.63772865827755
48.958281798540234
62.36807142351293
40.72980446192464
46.28845562464018
54.871339391177926
67.20247012076922
34.669368639747944
71.02700277404284
50.181963921338145
0.0
38.8528032630753
48.59512542619102
0.0
60.463402237528705
38.43963506498062
55.93454723978964
0.0
90.3645102765683
91.42383433820942
61.14530676712691
0.0
30.048830884900713
54.55650746791818
93.5127808332656
34.396348976156474
45.156810545268094
69.08872226324806
66.15025733658652
38.17524083085978
34.5371422484976
0.0
0.0
0.0
78.36864508144275
34.16822216354921
0.0
92.25961739550505
69.06321023438173
69.9006376012971
0.0
0.0
55.07489830536736
41.79977712939856
92.06575632883174
73.62073173481599
0.0
73.21923417906714
62.693921954292506
0.0
62.24964703229446
99.19964474205997
92.44788051922751
58.046537650467535
69.72525496921439
61.14577622772096
43.896776688374516
81.09767726299016
0.0
77.71355283087678
0.0
64.77948628811743
0.0
30.980334646574363
47.99643141428809
40.08466012892539
0.0
0.0
32.19268523200131
48.686425426313534
59.83618330485277
68.63067739336718
30.948874281423745
86.97637579833022
0.0
89.37325508632742
75.97689806084932
35.67513596238222
96.3518637084325
58.24174826777559
64.43966914368876
61.133024013061494
39.538002751580756
89.4682533952962
59.603435490336075
81.31196000840009
51.52097503050753
52.81706944750813
97.62451220615374
0.0
37.55468315049231
0.0
0.0
83.08465249844284
41.763317833681796
50.45962552351993
43.42435562321699
33.8732345073682
62.89585280700513
58.78208942364708
0.0
0.0
32.19268523200131
0.0
0.0
0.0
31.84127085342826
42.48996710537571
35.97962756872146
0.0
0.0
89.9518050978096
65.0804306079227
74.14436647789077
67.42099620326731
0.0
38.052064774009494
93.48665244843663
39.90049286813346
0.0
38.79395300263896
33.51196787651948
76.39716361437195
59.676870353801206
0.0
69.69908525385685
39.533817852760954
0.0
0.0
73.39954451404532
31.709212823192022
39.36872738001867
68.39536613476352
53.49863877353586
95.30390604522819
0.0
78.36864508144275
48.686425426313534
0.0
0.0
39.420049391932075
71.66640592081926
92.670622818867
93.89061257108924
95.27145682944003
0.0
52.03667574250665
0.0
66.99683636833787
83.42392824637413
44.145455120000236
0.0
44.436972859475645
75.57046046934147
34.18529239658128
98.12620882382619
0.0
94.52750274954867
64.03028519821856
49.07726537017634
86.74626508991716
0.0
63.780561351655884
0.0
39.82620235947193
85.07095827596517
57.08905178938712
0.0
77.76722395514224
74.42641102613149
74.63772865827755
34.16822216354921
59.83618330485277
0.0
39.420049391932075
0.0
44.711553784033896
93.97939826519547
70.56513280108584
40.984942634252896
55.02979485039276
87.7834479143431
82.33194755459377
36.05710132594341
83.1946031497755
70.76848116971595
0.0
62.15585609100616
72.94889021329458
81.33420156067947
70.58318293877753
39.29694286561693
79.49329221508398
0.0
50.40695118986747
32.746083021056904
36.994060992029524
89.50268259365814
47.466161016280694
69.75757312116309
48.43772539254036
71.48093611983641
66.73103504622026
87.42601864015279
51.637002598015044
48.958281798540234
0.0
68.63067739336718
31.84127085342826
71.66640592081926
44.711553784033896
0.0
52.81281539127663
85.51890249883694
74.8733699713085
0.0
94.3908629521461
86.78372952202085
62.61597338192369
87.14377740306016
81.87490906058899
0.0
96.89529334141392
63.895153667966454
62.585545746750974
68.23338860565663
76.28828675849533
92.63508714706079
0.0
69.49490702053468
30.273549260435427
88.4320256608911
52.376714303070884
65.59560168543291
0.0
72.12294996333611
70.53606798555224
75.85121744691776
91.40506388832836
65.64598168684721
62.36807142351293
92.25961739550505
30.948874281423745
42.48996710537571
92.670622818867
93.97939826519547
52.81281539127663
0.0
36.29582550823126
0.0
93.30189606994236
77.6015399675122
84.94294359962512
75.18940597911947
57.34722524560383
41.32266200664375
0.0
0.0
0.0
63.73011353298074
60.96426191078046
54.4134628027639
45.62350590312978
70.41818750419901
65.4905833673154
43.53044104243765
84.92771943747647
0.0
57.43480830853469
90.39198094368979
63.69718377309826
65.35913523245964
97.2600120451994
88.4289483727697
72.00843588723355
40.72980446192464
69.06321023438173
86.97637579833022
35.97962756872146
93.89061257108924
70.56513280108584
85.51890249883694
36.29582550823126
0.0
0.0
87.1645625676319
52.676288999511
0.0
0.0
33.03197112562534
35.25758297880293
37.97563954420475
47.404483557979674
76.8956049906381
33.62013106455603
44.16214381995888
0.0
43.78936498273441
61.33847856822925
0.0
58.57983307461321
97.8956596937298
56.51115411304359
35.94725614410478
54.597945251532245
70.23829761072184
0.0
83.78244059693274
36.83965162927773
71.08836383889775
46.28845562464018
69.9006376012971
0.0
0.0
95.27145682944003
40.984942634252896
74.8733699713085
0.0
0.0
0.0
99.60302111076406
31.5756429048956
42.59579157498183
91.78941779439766
0.0
70.7031244877639
61.56102736201789
30.481395628273443
61.04200347878259
50.23550515667587
71.88898827950888
75.75252560551468
68.22983303163403
54.00274955430662
0.0
35.781815452487905
93.69422026883905
33.6773551532512
48.602559095995936
0.0
65.86831728913293
0.0
86.37379662233226
0.0
0.0
54.871339391177926
0.0
89.37325508632742
0.0
0.0
55.02979485039276
0.0
93.30189606994236
87.1645625676319
99.60302111076406
0.0
47.402315614679296
0.0
73.27697997432861
72.105776565888
54.44869522653357
94.21183077168877
0.0
81.39265059075498
0.0
41.35714057989918
66.1274858346791
68.02755946467218
85.03714734177954
0.0
56.968741743532206
63.3488737458376
0.0
87.34458514370965
68.61688445930136
0.0
66.07926214198925
32.291423193289845
62.85144992502177
51.81861224641066
67.20247012076922
0.0
75.97689806084932
89.9518050978096
52.03667574250665
87.7834479143431
94.3908629521461
77.6015399675122
52.676288999511
31.5756429048956
47.402315614679296
0.0
93.18782336794266
55.4564428362257
47.3901955792659
0.0
0.0
0.0
0.0
52.2722383623484
53.393244597828215
36.04937706752314
0.0
0.0
0.0
0.0
0.0
41.13711201396238
52.00134640814461
0.0
49.43502202749033
52.307944940463926
40.38941902131815
65.64422233974442
0.0
34.669368639747944
55.07489830536736
35.67513596238222
65.0804306079227
0.0
82.33194755459377
86.78372952202085
84.94294359962512
0.0
42.59579157498183
0.0
93.18782336794266
0.0
88.38025828023251
39.305386925203585
71.01675962009205
82.21414335479035
71.07067363450403
62.91959649233697
33.51919703457971
0.0
46.28134143462947
53.95310619007345
0.0
94.40330477261462
0.0
68.08348106795668
96.0652874777174
37.91527205962478
73.85889017780167
87.552291776398
0.0
0.0
77.87965386479097
75.59965339933927
71.02700277404284
41.79977712939856
96.3518637084325
74.14436647789077
66.99683636833787
36.05710132594341
62.61597338192369
75.18940597911947
0.0
91.78941779439766
73.27697997432861
55.4564428362257
88.38025828023251
0.0
0.0
82.06187404760362
0.0
48.416857361151976
53.26560053141648
87.44247740302114
54.45279454051858
0.0
65.60547607022741
69.89600513456662
75.54880283331184
67.01547207217703
31.175140276965667
97.97900470280685
87.30879665249061
71.2432775792565
45.9098780457077
70.08140261663698
0.0
61.359158196149565
69.14540251432737
50.181963921338145
92.06575632883174
58.24174826777559
67.42099620326731
83.42392824637413
83.1946031497755
87.14377740306016
57.34722524560383
33.03197112562534
0.0
72.105776565888
47.3901955792659
39.305386925203585
0.0
0.0
94.53693404027517
0.0
0.0
0.0
70.32320585343571
72.21573550521435
0.0
0.0
0.0
83.12470218357396
43.04795250132597
93.470469486122
69.73162005399291
76.02976222300912
55.29648197816182
0.0
55.80594008142486
79.90534509049692
47.486841804602754
0.0
0.0
73.62073173481599
64.43966914368876
0.0
44.145455120000236
70.76848116971595
81.87490906058899
41.32266200664375
35.25758297880293
70.7031244877639
54.44869522653357
0.0
71.01675962009205
82.06187404760362
94.53693404027517
0.0
92.76787585977802
0.0
33.45043218149053
0.0
35.61009591493601
96.86536361338224
0.0
48.74064459386736
52.20321011480133
61.05926305219872
30.714947084382693
0.0
92.00397496933908
62.768143989088564
63.12535155380026
47.99664524836716
91.33175885990778
82.23999499460072
55.39414291181456
38.8528032630753
0.0
61.133024013061494
38.052064774009494
0.0
0.0
0.0
0.0
37.97563954420475
61.56102736201789
94.21183077168877
0.0
82.21414335479035
0.0
0.0
92.76787585977802
0.0
88.2944983446196
0.0
69.29731470864186
99.01394750665548
0.0
0.0
0.0
53.27512166659428
79.5030404992807
65.2460276042985
92.63739634690143
51.650559083930176
0.0
70.63545516564301
0.0
55.31332187127117
65.00688109879212
78.0492163296778
48.59512542619102
73.21923417906714
39.538002751580756
93.48665244843663
44.436972859475645
62.15585609100616
96.89529334141392
0.0
47.404483557979674
30.481395628273443
0.0
0.0
71.07067363450403
48.416857361151976
0.0
0.0
88.2944983446196
0.0
95.35462234899134
59.72605729941091
0.0
0.0
96.59779979163842
38.943702147590066
53.77739545401346
37.70319826130937
50.56722042232539
0.0
0.0
60.37688844636642
0.0
35.373709773497694
50.16397352192498
42.117317120583266
80.38775934558637
0.0
62.693921954292506
89.4682533952962
39.90049286813346
75.57046046934147
72.94889021329458
63.895153667966454
0.0
76.8956049906381
61.04200347878259
81.39265059075498
0.0
62.91959649233697
53.26560053141648
0.0
33.45043218149053
0.0
95.35462234899134
0.0
45.572121144488534
57.008882652662
97.82618640004075
31.59347034134017
33.960488127720986
58.565552519523166
50.18093491527336
56.90813436498739
86.12650708041716
81.20891671395
68.99664826711026
87.7591240214639
85.3977868301369
0.0
84.32935689466622
68.2507317724429
60.463402237528705
0.0
59.603435490336075
0.0
34.18529239658128
81.33420156067947
62.585545746750974
63.73011353298074
33.62013106455603
50.23550515667587
0.0
52.2722383623484
33.51919703457971
87.44247740302114
70.32320585343571
0.0
69.29731470864186
59.72605729941091
45.572121144488534
0.0
0.0
0.0
34.31149693093777
0.0
60.72998268419071
0.0
48.89095135105638
71.16090764693756
54.449254444999895
61.850960434278605
0.0
66.6509106439368
45.5198067297249
79.91883283772259
33.533192438047074
38.43963506498062
62.24964703229446
81.31196000840009
38.79395300263896
98.12620882382619
70.58318293877753
68.23338860565663
60.96426191078046
44.16214381995888
71.88898827950888
41.35714057989918
53.393244597828215
0.0
54.45279454051858
72.21573550521435
35.61009591493601
99.01394750665548
0.0
57.008882652662
0.0
0.0
0.0
0.0
70.45702142535251
81.09308236219974
86.8235263019499
0.0
59.35433251193547
66.93421016203249
95.48249348904687
0.0
36.24626070228633
40.52774773773504
80.6090311979274
55.03390269227374
55.93454723978964
99.19964474205997
51.52097503050753
33.51196787651948
0.0
39.29694286561693
76.28828675849533
54.4134628027639
0.0
75.75252560551468
66.1274858346791
36.04937706752314
46.28134143462947
0.0
0.0
96.86536361338224
0.0
0.0
97.82618640004075
0.0
0.0
0.0
91.23010046909333
0.0
33.8762411115422
81.28990547569421
78.33014696563502
64.63661781431459
35.95837164641276
0.0
0.0
47.95601416245287
39.22628609952969
45.90116491275061
0.0
0.0
92.44788051922751
52.81706944750813
76.39716361437195
94.52750274954867
79.49329221508398
92.63508714706079
45.62350590312978
43.78936498273441
68.22983303163403
68.02755946467218
0.0
53.95310619007345
65.60547607022741
0.0
0.0
0.0
96.59779979163842
31.59347034134017
34.31149693093777
0.0
91.23010046909333
0.0
46.81093089866525
79.31147055778123
52.26410833178011
45.88963387884489
0.0
30.16695176894966
0.0
71.46262457972855
41.873852852072744
77.28977572276155
77.74372117768328
46.93033620272964
90.3645102765683
58.046537650467535
97.62451220615374
59.676870353801206
64.03028519821856
0.0
0.0
70.41818750419901
61.33847856822925
54.00274955430662
85.03714734177954
0.0
0.0
69.89600513456662
0.0
48.74064459386736
0.0
38.943702147590066
33.960488127720986
0.0
70.45702142535251
0.0
46.81093089866525
0.0
end 
