0
19.387520584755713
18.09320689362916
2396.491095364541
1
28.820215602192917
21.787764333039586
2135.376131778992
2
25.363230699669945
27.024214076624528
1400.7782217550812
3
21.98688158384778
16.069251103079587
2937.551083946526
4
24.811814413898148
20.346030030411118
2750.4604964020987
5
23.443090225216814
24.313946394603313
2138.99061871072
6
17.80871156950029
23.33298303179817
1467.8519148230716
7
22.782527258370123
21.357867505976415
2295.446671149669
8
25.24883613612432
26.536756771213074
1597.6455900850137
9
20.564265575485095
23.126604025781702
1432.569687394795
10
16.705149081704107
27.16850975982807
2560.0853531331113
11
30.11716549225832
23.396728733871818
2105.868740451626
12
28.78438953129792
30.902752400624735
2197.775144922781
13
23.331468686165287
17.91985216313863
2819.647749864619
14
22.301478027756687
26.93813646520539
1219.6526741652544
15
30.616667476886565
27.180418420436702
1004.393830796261
16
28.01115318695293
21.59714936019158
1602.6173130201894
17
15.910371942699902
23.555473347808597
1591.4041034724187
18
23.321025126304953
22.89179068065744
2721.8655900687945
19
21.448632382058456
30.254070993258622
2355.387043977441
20
15.255003547482971
15.841251965253118
1931.9355238148319
21
23.719663769010324
29.526349939056708
1914.9475760090522
22
29.58065850498235
30.166059730251117
2248.7300454891147
23
16.13577588211473
20.38823485791348
1809.6337456360952
24
20.849085447405344
29.316704877615585
1259.754763420416
25
18.738155913447635
20.397812785406302
2476.013721112647
26
24.261937302552944
18.389074170000676
2899.5021753655924
27
30.711614447309557
17.4843425436153
1195.7812794763129
28
27.66802523647366
22.84966846165588
1909.3090594640073
29
24.39711108003872
18.861190795792403
2820.423188301398
30
17.241963415530314
23.40625540668169
1448.2348686768128
31
27.36445045224071
21.79037415130809
1985.5901318775118
32
24.90032139311674
22.82987117172495
2171.1176249393066
33
18.211599841729978
15.299458141809934
2035.0977726682563
34
27.407284440360055
22.827611798261678
1168.1825886408285
35
27.106271532037773
29.521935588330596
1187.8596618108786
36
23.302562508402772
22.698038217702297
2430.5625215024766
37
27.445320300383052
27.530512183562628
2853.9695284069585
38
17.889805615565077
28.737891210593425
1021.1511200578901
39
30.89381811538431
21.49958424853407
2288.3584017738995
0.0
66.16652707740633
92.86913743992183
0.0
98.46143458301411
46.314902764083136
66.39367175018259
0.0
79.00678287106679
66.65239894415365
34.39353551772518
84.22451727432338
0.0
74.25825514579478
35.34147792758412
84.88457437309434
41.175417777350816
62.90959555116647
55.47918316386526
87.94028921218504
0.0
76.06041691802125
0.0
87.70596419382758
62.883622269001975
44.50135637774214
82.07129732871758
0.0
37.35588752057341
34.63643133778756
35.05826864141035
0.0
51.941642610597235
94.4553337009027
46.50869770980028
94.6423649859319
97.68563989066749
54.46502467188005
43.16517199882263
0.0
66.16652707740633
0.0
56.269227152971204
57.14718094823652
87.91794184723338
63.05793308359044
0.0
0.0
54.218442679879224
87.76954484176923
43.824597459981184
57.972632904302614
78.76055256581112
51.87753140821293
0.0
76.62174039103448
41.33646800890004
0.0
50.81665207838089
0.0
46.63870995991327
47.86861237540557
0.0
54.29823156045324
81.4652158919219
75.45199518123835
0.0
68.58954704162046
0.0
97.34265072623846
69.40388338222351
0.0
72.20482424541176
70.82502200921942
85.98221971314989
32.756290434534776
46.04510889174031
63.39218488506345
76.9897704568781
77.65172522000708
92.86913743992183
56.269227152971204
0.0
0.0
67.1411564815265
0.0
77.18213786192266
45.71260039694175
60.25520244896862
94.59986475649139
0.0
0.0
71.6923273136978
0.0
48.73031134160907
0.0
89.3219134210402
54.76055346509022
93.50074623447593
84.00017279430591
82.11380202652575
30.790962832420252
45.686479037918836
90.03964733047876
41.883780532819145
82.8631443353535
79.3355571169143
0.0
0.0
58.865835806205226
31.50764173530841
72.38145949392612
38.07828941113203
65.56672481855149
44.87113933885374
71.09526494189532
86.30039516055157
78.8444439032694
99.30208493496056
0.0
0.0
57.14718094823652
0.0
0.0
0.0
0.0
31.88047826095498
0.0
32.527706822873085
0.0
85.57455169430541
43.1557591282541
52.9961569184928
68.55946742387444
53.586062286065015
38.33749940003095
46.001790024290614
81.70315946169922
94.43572007467213
81.5136974801544
94.818450575169
56.972088125034475
99.48000667948538
76.07061872559764
92.62218061424922
55.97829789308048
85.740131188193
95.73102481191961
67.28142807162946
39.69248731460911
0.0
38.86540432521192
83.33022127896803
35.88793980033921
66.3210184676409
48.024656374876784
63.34299976950052
54.57872883308195
97.2368513337964
93.95788221264446
98.46143458301411
87.91794184723338
67.1411564815265
0.0
0.0
88.84832656827538
93.43608274861195
0.0
30.17900075293728
66.91707759787298
50.9749385613559
92.89695791725077
79.80467776589703
51.0136054184492
0.0
31.705092731955144
32.09142854115119
57.82268524817427
41.52045355325494
65.46599273162671
67.103375149094
56.31072926093235
0.0
68.03006199431474
65.44371265908882
75.60220815063974
0.0
0.0
30.78223503182351
0.0
0.0
50.97513735115565
98.67579217491905
70.5632405885132
0.0
89.07178793970549
68.06407748593998
94.01021816960467
85.69676792243484
62.913557649605856
46.314902764083136
63.05793308359044
0.0
0.0
88.84832656827538
0.0
0.0
54.32187901247397
0.0
0.0
54.73122895956358
81.82531727705663
68.54865814396021
42.967090737192784
0.0
81.55995903669273
0.0
85.89268402668662
92.8502418540086
49.63787878301109
54.935703177204054
44.24037418514882
72.5469825564521
58.603275247589906
36.79878534875706
57.935045493062916
89.92904027747423
99.96786391628872
81.91308395059517
70.26207486992784
72.83227054363414
63.846838859778416
71.38328250414412
88.90661290009035
48.96728159791185
75.36533027342597
68.00047366121278
74.37973829001663
63.913677696196416
49.01399269601518
66.39367175018259
0.0
77.18213786192266
31.88047826095498
93.43608274861195
0.0
0.0
48.77207577841858
65.33226555018823
38.83164543516424
54.492871612902476
59.92823052431567
97.60113457807611
82.44956555108345
75.40988609729743
79.03572788083757
36.72856181447264
49.2399743290883
44.37234452998013
47.22605950589231
0.0
0.0
44.967791989603214
0.0
74.62432229394128
81.6712117600541
98.41490724546861
73.47258494007274
72.75425741075571
37.87419243786961
91.04240062087356
34.6426768829015
0.0
0.0
89.2580317270462
0.0
61.21378278531307
79.23373219512331
85.81455233730946
93.60045942731537
0.0
0.0
45.71260039694175
0.0
0.0
54.32187901247397
48.77207577841858
0.0
96.15423464059633
78.61280756501614
67.36350649410679
0.0
0.0
83.08027195317594
42.85749766289446
82.81860362843551
46.79421967981801
83.26594103615332
0.0
61.19400713490857
0.0
0.0
49.44992168340543
38.18899565130792
77.32015962399385
96.477111300124
0.0
0.0
86.93282659279194
85.23007983417119
60.836163342069185
31.492231111703685
0.0
0.0
0.0
35.1341671348888
53.03312054072295
86.21906906949658
96.10119867584322
47.80443846486574
79.00678287106679
54.218442679879224
60.25520244896862
32.527706822873085
30.17900075293728
0.0
65.33226555018823
96.15423464059633
0.0
85.83121704314973
78.9957744075069
93.76396364423559
68.29482617056384
81.42688433719641
0.0
99.49974753403838
59.207672825020026
41.13545931709035
94.37229491862442
59.9893079155327
42.483145670455485
42.72320010921657
71.01014759920044
91.8365208050902
0.0
96.71365360105627
58.658940656490095
84.03923741465442
30.21699316210834
88.07571079369461
68.55224545197117
30.80523609278486
0.0
86.63720428138272
52.97927725439377
77.49306440285557
78.39470259914089
0.0
92.5593724476515
45.81905902579685
66.65239894415365
87.76954484176923
94.59986475649139
0.0
66.91707759787298
0.0
38.83164543516424
78.61280756501614
85.83121704314973
0.0
34.38819545275859
62.99792260372486
89.21495929447775
0.0
70.59098747968028
0.0
0.0
34.70844572635216
49.49763590158693
61.74693370912459
69.76579749322039
0.0
0.0
97.51116640925422
95.16296876156967
42.60785473999702
59.12857904704836
39.565298065547054
81.5829554049434
74.49441477342589
81.93339130476073
0.0
50.27633744156172
0.0
31.04586065962985
62.19263144425621
77.52072634795233
51.423723243977186
0.0
80.36154544128743
34.39353551772518
43.824597459981184
0.0
85.57455169430541
50.9749385613559
54.73122895956358
54.492871612902476
67.36350649410679
78.9957744075069
34.38819545275859
0.0
36.329888835130944
97.39726218064811
0.0
0.0
34.588265579698344
47.748515106207364
81.75963140433153
0.0
52.60115959840541
88.598519580456
43.335068203951266
84.64475771357795
63.142540629047105
35.16078806803421
0.0
0.0
34.212788502625074
0.0
75.34867298233893
34.394654412518136
45.26245139901256
0.0
75.9814312730523
88.89983746866159
39.46853036243036
37.16895712093382
0.0
60.95436353391402
92.10762591167611
84.22451727432338
57.972632904302614
0.0
43.1557591282541
92.89695791725077
81.82531727705663
59.92823052431567
0.0
93.76396364423559
62.99792260372486
36.329888835130944
0.0
0.0
31.344457187616
93.96192317326256
78.51861444148783
0.0
30.128638339799867
63.37503637509625
35.05136285510496
0.0
33.78256998849873
94.12947686191083
0.0
62.249030467539605
65.58309972530512
78.90741913288416
52.635022882321614
0.0
39.73952294512044
49.75398269643683
0.0
91.87173820519294
84.67531850081917
73.06210949831018
45.62361236389669
84.73828896753966
79.53557291184607
0.0
99.48470799232865
0.0
78.76055256581112
71.6923273136978
52.9961569184928
79.80467776589703
68.54865814396021
97.60113457807611
0.0
68.29482617056384
89.21495929447775
97.39726218064811
0.0
0.0
34.24861694651379
48.13279784504469
42.44003217895234
85.1001303971012
31.427420086600815
50.14351652588347
51.577972301968984
60.218575361252974
55.34270238500516
52.10389287847669
0.0
0.0
42.220614173076896
60.84745641650048
49.99716858490133
0.0
82.0055264994096
71.60713395470997
77.43892715191396
0.0
52.80711314104268
47.02949547894974
93.99328160011103
0.0
55.96156317478392
86.75633279509611
97.53151331577715
74.25825514579478
51.87753140821293
0.0
68.55946742387444
51.0136054184492
42.967090737192784
82.44956555108345
83.08027195317594
81.42688433719641
0.0
0.0
31.344457187616
34.24861694651379
0.0
64.36939679846797
57.69517678183877
35.914103872554634
0.0
30.144310628175965
88.45190124248984
44.52427615747227
62.872670615114565
51.18382032544222
55.66743645980468
97.08040948300686
38.94144095755958
31.85226491221219
0.0
0.0
0.0
0.0
0.0
0.0
48.5694752367191
71.41782931041111
0.0
40.37878420966845
38.01820049997717
34.28256059692773
34.74911267460764
35.34147792758412
0.0
48.73031134160907
53.586062286065015
0.0
0.0
75.40988609729743
42.85749766289446
0.0
70.59098747968028
0.0
93.96192317326256
48.13279784504469
64.36939679846797
0.0
64.75648878546957
99.6936182149805
59.34176045520431
0.0
30.098491222036614
63.82170436931551
98.70607262782949
59.07519604311459
0.0
59.42591922516104
0.0
58.72505394406873
80.25044573030723
0.0
58.232383528354696
0.0
34.819610624426105
71.68569258737024
93.83691505226446
0.0
86.08475379949991
0.0
33.763737007411905
70.70622090685264
52.15285497389842
84.88457437309434
76.62174039103448
0.0
38.33749940003095
31.705092731955144
81.55995903669273
79.03572788083757
82.81860362843551
99.49974753403838
0.0
34.588265579698344
78.51861444148783
42.44003217895234
57.69517678183877
64.75648878546957
0.0
33.29773731348674
55.23091955458841
58.39284298472779
54.982328487633744
43.28179875478762
73.39706291368744
70.63132963269209
77.86747298263622
33.866307734165616
58.112585284806784
72.93368137882767
0.0
60.072227476019194
61.72855303928501
0.0
86.38841315947576
0.0
91.47673120670198
0.0
65.94907483846009
0.0
76.998146399935
64.12210697537088
0.0
41.175417777350816
41.33646800890004
89.3219134210402
46.001790024290614
32.09142854115119
0.0
36.72856181447264
46.79421967981801
59.207672825020026
0.0
47.748515106207364
0.0
85.1001303971012
35.914103872554634
99.6936182149805
33.29773731348674
0.0
0.0
83.54758432883244
54.32816655813282
51.36699670643365
43.14513769810825
62.238633513040114
32.66559684507498
0.0
38.55209722300689
86.75199683792567
39.8477105322557
59.382147700630455
56.07415473281704
45.622766443843595
84.3653558285231
0.0
0.0
77.35865362246633
0.0
65.38940795471905
0.0
85.89568288254755
59.97300152487392
62.90959555116647
0.0
54.76055346509022
81.70315946169922
57.82268524817427
85.89268402668662
49.2399743290883
83.26594103615332
41.13545931709035
34.70844572635216
81.75963140433153
30.128638339799867
31.427420086600815
0.0
59.34176045520431
55.23091955458841
0.0
0.0
46.45227115267322
46.326231055944014
46.97466943508769
45.78330756644919
48.00894611995848
36.716217986769095
0.0
94.43976480524773
0.0
0.0
68.76693367073023
40.00278351890029
32.13980756134137
67.44476291028496
59.64358748980253
0.0
97.41613176578262
81.96131772165114
0.0
33.35994799791908
0.0
82.8067899755812
55.47918316386526
50.81665207838089
93.50074623447593
94.43572007467213
41.52045355325494
92.8502418540086
44.37234452998013
0.0
94.37229491862442
49.49763590158693
0.0
63.37503637509625
50.14351652588347
30.144310628175965
0.0
58.39284298472779
83.54758432883244
46.45227115267322
0.0
0.0
55.27216369231155
0.0
30.619231745159016
65.21667790107239
50.317348257422786
32.63967915143021
67.07177847124615
81.27088600313259
57.0072895327629
0.0
0.0
0.0
0.0
93.9419559507057
52.726215593818665
84.36143580229853
81.15233806796118
32.146571759081944
66.87447367603681
49.327931503880635
87.94028921218504
0.0
84.00017279430591
81.5136974801544
65.46599273162671
49.63787878301109
47.22605950589231
61.19400713490857
59.9893079155327
61.74693370912459
52.60115959840541
35.05136285510496
51.577972301968984
88.45190124248984
30.098491222036614
54.982328487633744
54.32816655813282
46.326231055944014
0.0
0.0
83.04418253666435
82.45097897434547
72.65269111960005
0.0
35.693511673715186
89.92431660252171
66.65097403169267
44.086013807332705
99.55616550980393
91.58363846520223
52.1923000316943
46.35788056646394
45.660078224753214
92.65153796715592
0.0
36.94491455421255
40.229835438683835
82.4413477506855
58.37759305615246
97.69924066623136
0.0
46.63870995991327
82.11380202652575
94.818450575169
67.103375149094
54.935703177204054
0.0
0.0
42.483145670455485
69.76579749322039
88.598519580456
0.0
60.218575361252974
44.52427615747227
63.82170436931551
43.28179875478762
51.36699670643365
46.97466943508769
55.27216369231155
83.04418253666435
0.0
0.0
46.84678680078609
0.0
68.89285409577334
0.0
38.24443754852008
58.71864144749746
50.31440380431492
0.0
0.0
42.906096298403355
87.15285070949541
79.13429831470717
94.49377229523114
87.945327236162
83.93341897630025
0.0
32.67972932312267
74.36149378599023
76.06041691802125
47.86861237540557
30.790962832420252
56.972088125034475
56.31072926093235
44.24037418514882
0.0
0.0
42.72320010921657
0.0
43.335068203951266
33.78256998849873
55.34270238500516
62.872670615114565
98.70607262782949
73.39706291368744
43.14513769810825
45.78330756644919
0.0
82.45097897434547
0.0
0.0
34.867517761150594
57.95980341675683
74.38041227956921
54.462987898702664
71.17201618331711
39.069715896142995
0.0
0.0
98.53635508853473
93.6373038252934
72.1334064371377
45.920322619729625
61.58383837864138
31.080813311656353
50.84120911805151
76.2795227489656
85.02906036406331
0.0
0.0
0.0
45.686479037918836
99.48000667948538
0.0
72.5469825564521
44.967791989603214
49.44992168340543
71.01014759920044
0.0
84.64475771357795
94.12947686191083
52.10389287847669
51.18382032544222
59.07519604311459
70.63132963269209
62.238633513040114
48.00894611995848
30.619231745159016
72.65269111960005
46.84678680078609
34.867517761150594
0.0
37.06736705071652
45.08400368506179
0.0
57.037625936289864
71.51439700131621
0.0
34.71184288215392
90.64114260939004
0.0
0.0
70.6113883226883
50.09956895829052
0.0
32.23863077330613
79.37777637143745
0.0
58.149274675484925
87.70596419382758
54.29823156045324
90.03964733047876
76.07061872559764
68.03006199431474
58.603275247589906
0.0
38.18899565130792
91.8365208050902
97.51116640925422
63.142540629047105
0.0
0.0
55.66743645980468
0.0
77.86747298263622
32.66559684507498
36.716217986769095
65.21667790107239
0.0
0.0
57.95980341675683
37.06736705071652
0.0
58.99651433963183
77.86048391479324
35.489684528884084
53.56968481984195
76.26257812281351
41.03925022596829
81.94499898835019
40.16119122275155
69.03923581697902
55.650492787996946
98.95644168945398
0.0
38.986967305475304
57.36600295468121
83.53808717767735
69.85880400733811
62.883622269001975
81.4652158919219
41.883780532819145
92.62218061424922
65.44371265908882
36.79878534875706
74.62432229394128
77.32015962399385
0.0
95.16296876156967
35.16078806803421
62.249030467539605
0.0
97.08040948300686
59.42591922516104
33.866307734165616
0.0
0.0
50.317348257422786
35.693511673715186
68.89285409577334
74.38041227956921
45.08400368506179
58.99651433963183
0.0
60.731593292635324
41.28245957373173
0.0
65.79028982622336
65.27131488406421
0.0
35.944053022823454
98.5408930103069
0.0
50.71196167983254
67.28436755805686
37.42475326354115
84.18927197952395
0.0
77.2251669006377
44.50135637774214
75.45199518123835
82.8631443353535
55.97829789308048
75.60220815063974
57.935045493062916
81.6712117600541
96.477111300124
96.71365360105627
42.60785473999702
0.0
65.58309972530512
42.220614173076896
38.94144095755958
0.0
58.112585284806784
38.55209722300689
94.43976480524773
32.63967915143021
89.92431660252171
0.0
54.462987898702664
0.0
77.86048391479324
60.731593292635324
0.0
55.43721952935915
40.40722527234046
0.0
71.58006384540246
84.37638705495849
56.687767709081896
91.85432820545165
0.0
98.50031767986773
62.28630924544389
0.0
34.80509952613227
77.3514282839714
56.21486805424968
82.07129732871758
0.0
79.3355571169143
85.740131188193
0.0
89.92904027747423
98.41490724546861
0.0
58.658940656490095
59.12857904704836
0.0
78.90741913288416
60.84745641650048
31.85226491221219
58.72505394406873
72.93368137882767
86.75199683792567
0.0
67.07177847124615
66.65097403169267
38.24443754852008
71.17201618331711
57.037625936289864
35.489684528884084
41.28245957373173
55.43721952935915
0.0
37.94936085735547
39.61816566815998
85.09653338808357
61.39156198851647
93.99313776783674
52.95850527099934
75.18579221612268
0.0
46.463644500658255
65.63094165319437
86.06283917147536
0.0
46.923943298414926
0.0
68.58954704162046
0.0
95.73102481191961
0.0
99.96786391628872
73.47258494007274
0.0
84.03923741465442
39.565298065547054
34.212788502625074
52.635022882321614
49.99716858490133
0.0
80.25044573030723
0.0
39.8477105322557
0.0
81.27088600313259
44.086013807332705
58.71864144749746
39.069715896142995
71.51439700131621
53.56968481984195
0.0
40.40722527234046
37.94936085735547
0.0
97.77331553762365
62.51565134796044
30.07019750169868
0.0
81.29482325687654
36.7169149825414
54.42083814210593
57.719592373781495
79.81007977168
0.0
0.0
50.86053402101251
37.35588752057341
0.0
0.0
67.28142807162946
30.78223503182351
81.91308395059517
72.75425741075571
86.93282659279194
30.21699316210834
81.5829554049434
0.0
0.0
0.0
0.0
0.0
60.072227476019194
59.382147700630455
68.76693367073023
57.0072895327629
99.55616550980393
50.31440380431492
0.0
0.0
76.26257812281351
65.79028982622336
0.0
39.61816566815998
97.77331553762365
0.0
56.372120632696294
0.0
60.88590422640007
75.59726832813327
0.0
0.0
71.2219651460967
37.265962962620684
78.7679204684951
61.695132950494596
74.59402198542567
34.63643133778756
97.34265072623846
58.865835806205226
39.69248731460911
0.0
70.26207486992784
37.87419243786961
85.23007983417119
88.07571079369461
74.49441477342589
75.34867298233893
39.73952294512044
82.0055264994096
0.0
58.232383528354696
61.72855303928501
56.07415473281704
40.00278351890029
0.0
91.58363846520223
0.0
0.0
34.71184288215392
41.03925022596829
65.27131488406421
71.58006384540246
85.09653338808357
62.51565134796044
56.372120632696294
0.0
60.638225545355404
0.0
67.17044546232847
46.32169454309456
76.38716844956494
42.3734075342024
65.89601665301409
0.0
31.426399395774354
63.29062350610473
35.05826864141035
69.40388338222351
31.50764173530841
0.0
0.0
72.83227054363414
91.04240062087356
60.836163342069185
68.55224545197117
81.93339130476073
34.394654412518136
49.75398269643683
71.60713395470997
0.0
0.0
0.0
45.622766443843595
32.13980756134137
0.0
52.1923000316943
0.0
98.53635508853473
90.64114260939004
81.94499898835019
0.0
84.37638705495849
61.39156198851647
30.07019750169868
0.0
60.638225545355404
0.0
44.027262687785395
43.246778350065114
0.0
87.60824369006656
81.8680472014237
37.11718161647086
61.77381147072525
48.224206317563414
81.84608601544267
0.0
0.0
72.38145949392612
38.86540432521192
50.97513735115565
63.846838859778416
34.6426768829015
31.492231111703685
30.80523609278486
0.0
45.26245139901256
0.0
77.43892715191396
0.0
34.819610624426105
86.38841315947576
84.3653558285231
67.44476291028496
0.0
46.35788056646394
42.906096298403355
93.6373038252934
0.0
40.16119122275155
35.944053022823454
56.687767709081896
93.99313776783674
0.0
60.88590422640007
0.0
44.027262687785395
0.0
0.0
41.30935480002442
55.40479461016991
0.0
68.4406430683502
0.0
44.109283049600045
0.0
51.941642610597235
72.20482424541176
38.07828941113203
83.33022127896803
98.67579217491905
71.38328250414412
0.0
0.0
0.0
50.27633744156172
0.0
91.87173820519294
0.0
0.0
71.68569258737024
0.0
0.0
59.64358748980253
0.0
45.660078224753214
87.15285070949541
72.1334064371377
0.0
69.03923581697902
98.5408930103069
91.85432820545165
52.95850527099934
81.29482325687654
75.59726832813327
67.17044546232847
43.246778350065114
0.0
0.0
35.28760563752964
37.87440831601404
35.158817680464665
93.3162209082821
55.635194500884424
0.0
62.48440528223733
94.4553337009027
70.82502200921942
65.56672481855149
35.88793980033921
70.5632405885132
88.90661290009035
0.0
0.0
86.63720428138272
0.0
75.9814312730523
84.67531850081917
52.80711314104268
48.5694752367191
93.83691505226446
91.47673120670198
0.0
0.0
93.9419559507057
92.65153796715592
79.13429831470717
45.920322619729625
70.6113883226883
55.650492787996946
0.0
0.0
75.18579221612268
36.7169149825414
0.0
46.32169454309456
0.0
41.30935480002442
35.28760563752964
0.0
69.02159127358948
90.10898992573908
89.19301531092131
59.99162090925607
67.59994357363914
46.09576295042078
46.50869770980028
85.98221971314989
44.87113933885374
66.3210184676409
0.0
48.96728159791185
89.2580317270462
0.0
52.97927725439377
31.04586065962985
88.89983746866159
73.06210949831018
47.02949547894974
71.41782931041111
0.0
0.0
77.35865362246633
97.41613176578262
52.726215593818665
0.0
94.49377229523114
61.58383837864138
50.09956895829052
98.95644168945398
50.71196167983254
98.50031767986773
0.0
54.42083814210593
0.0
76.38716844956494
87.60824369006656
55.40479461016991
37.87440831601404
69.02159127358948
0.0
73.00577482545435
0.0
61.140737953127754
68.0220631876603
55.577270527284085
94.6423649859319
32.756290434534776
71.09526494189532
48.024656374876784
89.07178793970549
75.36533027342597
0.0
35.1341671348888
77.49306440285557
62.19263144425621
39.46853036243036
45.62361236389669
93.99328160011103
0.0
86.08475379949991
65.94907483846009
0.0
81.96131772165114
84.36143580229853
36.94491455421255
87.945327236162
31.080813311656353
0.0
0.0
67.28436755805686
62.28630924544389
46.463644500658255
57.719592373781495
71.2219651460967
42.3734075342024
81.8680472014237
0.0
35.158817680464665
90.10898992573908
73.00577482545435
0.0
36.083713961842754
54.091366844200834
71.18639042392593
80.50039758470945
97.68563989066749
46.04510889174031
86.30039516055157
63.34299976950052
68.06407748593998
68.00047366121278
61.21378278531307
53.03312054072295
78.39470259914089
77.52072634795233
37.16895712093382
84.73828896753966
0.0
40.37878420966845
0.0
0.0
65.38940795471905
0.0
81.15233806796118
40.229835438683835
83.93341897630025
50.84120911805151
32.23863077330613
38.986967305475304
37.42475326354115
0.0
65.63094165319437
79.81007977168
37.265962962620684
65.89601665301409
37.11718161647086
68.4406430683502
93.3162209082821
89.19301531092131
0.0
36.083713961842754
0.0
45.4488020991213
84.70845556857003
74.10240255763762
54.46502467188005
63.39218488506345
78.8444439032694
54.57872883308195
94.01021816960467
74.37973829001663
79.23373219512331
86.21906906949658
0.0
51.423723243977186
0.0
79.53557291184607
55.96156317478392
38.01820049997717
33.763737007411905
76.998146399935
0.0
33.35994799791908
32.146571759081944
82.4413477506855
0.0
76.2795227489656
79.37777637143745
57.36600295468121
84.18927197952395
34.80509952613227
86.06283917147536
0.0
78.7679204684951
0.0
61.77381147072525
0.0
55.635194500884424
59.99162090925607
61.140737953127754
54.091366844200834
45.4488020991213
0.0
0.0
65.29327458595685
43.16517199882263
76.9897704568781
99.30208493496056
97.2368513337964
85.69676792243484
63.913677696196416
85.81455233730946
96.10119867584322
92.5593724476515
0.0
60.95436353391402
0.0
86.75633279509611
34.28256059692773
70.70622090685264
64.12210697537088
85.89568288254755
0.0
66.87447367603681
58.37759305615246
32.67972932312267
85.02906036406331
0.0
83.53808717767735
0.0
77.3514282839714
0.0
0.0
61.695132950494596
31.426399395774354
48.224206317563414
44.109283049600045
0.0
67.59994357363914
68.0220631876603
71.18639042392593
84.70845556857003
0.0
0.0
65.72720428443526
0.0
77.65172522000708
0.0
93.95788221264446
62.913557649605856
49.01399269601518
93.60045942731537
47.80443846486574
45.81905902579685
80.36154544128743
92.10762591167611
99.48470799232865
97.53151331577715
34.74911267460764
52.15285497389842
0.0
59.97300152487392
82.8067899755812
49.327931503880635
97.69924066623136
74.36149378599023
0.0
58.149274675484925
69.85880400733811
77.2251669006377
56.21486805424968
46.923943298414926
50.86053402101251
74.59402198542567
63.29062350610473
81.84608601544267
0.0
62.48440528223733
46.09576295042078
55.577270527284085
80.50039758470945
74.10240255763762
65.29327458595685
65.72720428443526
0.0
end 
