0
27.959052623239664
28.37507414376331
1245.3873399803467
1
15.77197627304046
23.819499321110868
2319.358639038634
2
22.596290305918465
24.58832545220131
2950.3512707178043
3
29.995933486131083
23.88143532810852
2062.982401149691
4
23.974409356229803
27.453404890869393
3000.605919349974
5
25.293709881587567
16.36921711686876
2660.4522349503604
6
19.19335308810747
30.469223294392307
1011.1038090553069
7
23.116508576010112
24.921481804259443
2607.113440459805
8
16.371866266742668
24.063369199866102
2705.926280142306
9
27.863601813505163
17.052473607299476
2774.2484183590677
10
23.40703087247293
29.028728591773287
1050.463630735541
11
25.7735768434122
26.355170713910997
1358.2156633055113
12
30.967197996283574
17.472665532438004
2213.1856730161717
13
30.53969001688907
27.9470950869691
1493.043606127169
14
30.9108084495021
25.253434974914164
2876.1782965983157
15
24.481610226472288
25.203227216722063
2557.58862843404
16
18.04727871260637
28.522620211103792
2569.3018314394767
17
27.664988668657678
30.936703593381814
1093.8972380106536
18
25.86713124400396
17.803471942923643
2333.093527704227
19
23.008289713188177
24.135314487365847
1443.7078663065427
20
18.957474869202958
24.028749150570704
1076.3210694327863
21
25.41882754900798
18.030823677779402
1805.5723089396652
22
24.426426232493743
20.903609422165697
2909.0002629082564
23
28.372571198959037
21.309432985116786
1635.6579096800563
24
28.676722536814843
16.364924275227327
2398.237462370491
25
17.860639864263618
29.055972823473677
1778.2298357134964
26
29.935245002478162
23.043707246112675
2940.1514067395356
27
17.7851455876001
27.70217813432749
2394.244100595033
28
19.452070093983703
26.517774828461064
2174.4750115412094
29
17.96375260402359
17.711391708277944
1025.5694610352175
30
30.37061689917406
30.532938874841605
1740.0407552340082
31
27.911670170832238
26.61882464728255
2545.5778875016676
32
22.830085819372833
26.788561495303853
2714.9105072770835
33
29.277368373077174
19.74869061187345
2395.2106807774753
34
29.533331325146627
30.592848378885876
2100.3175652456307
35
24.729763621753307
15.587825434030536
2711.953730873789
36
29.18815988252892
16.710398710994028
2044.1436381158471
37
27.495545140705516
19.300316233579544
2359.306516909083
38
18.048483992857854
20.814925178979962
2466.337613441783
39
18.64139076790029
21.85993906755192
2582.4552523577986
40
27.134348493730307
16.639321222770747
2054.39402680065
41
30.352603864763626
21.147363036946487
1359.6698531138588
42
30.237254704098312
21.449002737517205
1637.8200075694253
43
25.392874661211827
27.247825908135674
1228.9387925408105
44
25.910046734091708
27.868314222495155
2613.9207276377047
0.0
61.62638269029229
84.07764642847192
41.00812589611199
45.62037417225311
0.0
84.39802231241525
56.42246081222389
0.0
33.48533805479597
43.38041079342314
89.85151863250522
66.57179734221289
46.4023636020586
90.44305007591376
40.36048947296159
72.87907420178567
38.11698460854802
57.04378577947293
0.0
0.0
58.099999293138325
43.067531637610806
0.0
53.704685778532486
62.416685293368715
67.29019283995689
39.24959431131501
33.71438914927831
78.75735275965096
0.0
61.92595135329944
87.85772290250273
0.0
60.99519274871358
32.36121940075626
0.0
0.0
35.52942971740842
30.985860856037085
47.66867192104374
0.0
44.14319064371406
60.917499768370014
53.1732544321943
61.62638269029229
0.0
31.754368693324825
50.80126054802004
88.84591600549409
73.20321749910683
50.8592993841329
90.103970424797
0.0
83.08316403996459
50.57301906346848
72.8336424689742
93.0884239014112
0.0
84.71731282924333
86.22874156585766
0.0
38.51075788520234
79.44510025916084
0.0
32.79143180467926
0.0
98.44335934748807
96.389736901492
0.0
49.71447160105741
0.0
0.0
96.60080956521007
44.793597579372495
65.50140692017618
42.37435257921433
82.18163060347811
0.0
38.67391863810328
37.78236255114835
59.897491710862944
0.0
84.87968092970965
0.0
52.363724398416245
54.50336493602977
0.0
75.60468698675315
90.7068743229235
84.07764642847192
31.754368693324825
0.0
97.29655186409317
98.52409299870232
76.27077381649447
73.68178743501849
0.0
41.84324193225922
33.99867376558568
66.1297202965763
86.54178941182366
0.0
42.7303679742686
30.61010415152218
31.442449132198732
33.54079158167008
49.68085268440608
34.0393834760988
69.3556756624846
35.5602424926104
58.224135649321184
0.0
63.58589597241291
41.48210220798127
62.3981233635694
49.754882449402515
74.37023217575192
93.09251054551632
86.1943457161097
42.18657881180659
0.0
92.94586599328062
58.376303697574244
55.86776403515816
64.72303807081876
75.28405479287393
68.24344394644059
81.1412292108501
77.12569126157288
0.0
92.87196755337513
82.52795911189983
37.20697632587438
99.26787967312275
41.00812589611199
50.80126054802004
97.29655186409317
0.0
78.57275272988389
94.58850258651312
51.72545760782046
0.0
0.0
59.26362897696863
0.0
0.0
50.6759355368125
48.361559714329104
0.0
0.0
0.0
91.36032766074939
52.63207801911364
35.24111633068729
0.0
50.328474907035755
88.61873948634977
0.0
89.44846811944848
74.50564910066241
65.08379728232622
85.68488455664912
97.368493923793
99.49767809216883
39.5892892126686
0.0
76.97341328619405
55.91239299958739
48.728133536940966
91.45452153923209
78.09836575976014
92.57066406850659
0.0
67.73386225260467
34.706260444751635
0.0
82.32350782899859
71.8029112985904
0.0
45.62037417225311
88.84591600549409
98.52409299870232
78.57275272988389
0.0
76.25414436090085
33.314606038310664
63.60874692474962
65.52705749696509
36.3121998488726
45.2114792330252
40.38112002890528
0.0
45.37567133724057
53.459353792113035
0.0
61.468752035710054
30.836581963692694
95.7324211096653
0.0
36.245689750785026
70.18523986814196
0.0
0.0
84.08114734916676
0.0
0.0
56.537778597991235
82.5660076489072
31.464233496498892
36.977440337965746
94.10224486695407
71.58136300538368
0.0
90.51422595514038
0.0
71.35011993106278
41.73590337149749
94.53183920380373
66.97079560831972
0.0
38.365571617973
0.0
38.57964358383138
35.275210323367
0.0
73.20321749910683
76.27077381649447
94.58850258651312
76.25414436090085
0.0
38.03353836259081
0.0
62.84723465133767
56.58463090624545
48.259716393976575
0.0
75.08157974508143
36.2485711822937
44.989453671842526
52.89091069665084
38.54958037897788
77.28677837231332
97.44694536798721
38.17860620440035
88.63492066292429
0.0
0.0
0.0
93.26116382119272
0.0
58.416520971127454
78.99394463642093
72.91861915214369
0.0
0.0
98.27592502299593
56.04754408655569
75.34208384554124
90.60393347988904
0.0
87.91695904182089
0.0
84.0191518983691
64.49098032664946
73.3340704518284
0.0
61.360936814643736
0.0
0.0
84.39802231241525
50.8592993841329
73.68178743501849
51.72545760782046
33.314606038310664
38.03353836259081
0.0
0.0
84.14852887728415
0.0
51.7521854999043
36.30228232372146
0.0
47.21597956332792
88.72222550508201
0.0
54.96284208320357
56.749866668124525
0.0
53.058505931511746
59.29377512644824
62.178815438305584
73.58464086746815
48.56434614211015
63.60827302846141
0.0
30.652064184856684
54.1417954010758
99.8935605424788
45.2661927597883
97.03129023552565
59.204346863340376
50.09490902419914
47.5720869680229
66.1332606501978
50.20840510363239
37.493583953409996
0.0
0.0
0.0
85.59108306842752
61.45060821086641
0.0
0.0
81.22624884022714
56.42246081222389
90.103970424797
0.0
0.0
63.60874692474962
0.0
0.0
0.0
55.13998915047917
0.0
0.0
41.91304356116116
42.05882741525321
78.53050409688309
86.53965702209337
0.0
0.0
70.0722204480255
75.6529397115462
93.04143923729276
49.552371999695225
67.73415418971977
0.0
0.0
60.03649678026973
66.7597952818233
79.35486067022845
81.63286422426538
0.0
90.04260319762635
0.0
57.58448770439366
0.0
0.0
54.442187055852415
33.51093748216966
54.474392922108905
57.49968189162
92.69583537427586
0.0
0.0
0.0
36.98442917938295
47.67484075744893
68.79749784110547
0.0
0.0
41.84324193225922
0.0
65.52705749696509
62.84723465133767
84.14852887728415
55.13998915047917
0.0
53.27247886654786
40.96371229681382
94.1946167462368
88.66495168433535
90.74331554545037
0.0
63.322664875709066
92.60123477419069
0.0
53.88463148106821
90.78243579560979
67.0279288250342
46.494240419121525
84.30079912257959
87.30940120906175
0.0
72.06855791526223
53.767849376844836
79.9283512378926
36.18800352361321
64.46752664753686
45.74338918284069
69.50520363966582
36.148786371746404
0.0
90.70202884423585
0.0
86.87347925974962
0.0
42.46323776159207
0.0
89.1069768482727
0.0
89.43641886797676
0.0
0.0
33.48533805479597
83.08316403996459
33.99867376558568
59.26362897696863
36.3121998488726
56.58463090624545
0.0
0.0
53.27247886654786
0.0
69.5435876349845
83.9818016758839
92.15962012478516
0.0
0.0
68.17010660988004
75.24525207330959
35.87490767058287
53.00368568860691
35.141121315971375
0.0
39.37963338327211
0.0
47.105242629869075
81.8223891245919
86.99648154537644
52.10364429977466
53.36100558387744
65.9322910504628
0.0
52.96173159019666
79.80640596637579
67.21446805448036
0.0
69.64819665992876
0.0
86.56667161637188
52.96001937519219
55.65327754215811
34.94623532532843
88.05184287254008
50.22552112425717
0.0
51.98836754210929
57.06026386314687
43.38041079342314
50.57301906346848
66.1297202965763
0.0
45.2114792330252
48.259716393976575
51.7521854999043
0.0
40.96371229681382
69.5435876349845
0.0
93.11091160946518
0.0
75.90464602336935
0.0
71.61719230959827
88.2749701420747
0.0
70.34177053935682
0.0
83.3353749967787
39.35977222737344
62.43522374968787
51.51668506333861
0.0
99.56251341682946
80.52424114314519
0.0
43.79586911070881
99.18041202484575
62.4137521827717
90.58618185759777
0.0
0.0
98.98514196168504
47.56497723526117
31.597312830413713
37.99441970427345
85.18057098724651
63.24311398661578
75.8660429599633
51.68147021020846
56.9817615235405
32.232635126410614
58.29099021260336
89.85151863250522
72.8336424689742
86.54178941182366
0.0
40.38112002890528
0.0
36.30228232372146
41.91304356116116
94.1946167462368
83.9818016758839
93.11091160946518
0.0
36.185455884365055
82.81045724115228
52.30155957106696
0.0
0.0
59.438470086050515
64.15819775994635
0.0
62.47636942162028
87.16935626870566
0.0
56.48321110155691
69.0186605628524
70.9033286412176
0.0
93.99437199110014
70.2816245345864
73.40456186182351
55.348242114860014
40.610397732586115
59.33236098471645
36.44554262792515
64.64242636917928
50.66515633778865
0.0
34.633621078019054
31.47144666906055
47.95117052329722
61.035586634293665
62.56813635752392
96.05352839365656
91.95034006676107
0.0
66.57179734221289
93.0884239014112
0.0
50.6759355368125
0.0
75.08157974508143
0.0
42.05882741525321
88.66495168433535
92.15962012478516
0.0
36.185455884365055
0.0
70.70532731514885
63.41531866836108
66.23163202743781
61.44180386488593
89.34416363700822
80.86912918091724
36.16159519929833
82.07365523998843
46.88430890690306
45.51516773113942
0.0
53.67032277111636
0.0
0.0
52.31739527178546
92.58174658990868
69.23398709626733
46.533780951972844
0.0
32.78459212378246
48.795906628085895
0.0
0.0
77.4978934376422
52.7837687976957
79.30088642494223
87.23414234036895
98.65326430206648
87.46966500595911
0.0
72.68236657259305
71.95490751616401
46.4023636020586
0.0
42.7303679742686
48.361559714329104
45.37567133724057
36.2485711822937
47.21597956332792
78.53050409688309
90.74331554545037
0.0
75.90464602336935
82.81045724115228
70.70532731514885
0.0
0.0
35.19321819813828
47.40257560024486
55.37566490458113
0.0
91.88811057137289
33.13914351443992
71.69721693254105
90.58348776263864
73.83115372859662
0.0
53.633578685924974
58.62376753761006
79.10846208340419
85.37085541531813
0.0
88.89380659306362
0.0
65.13706352281604
55.10986507326213
67.55653140265541
0.0
36.87528776163645
0.0
56.72054017673301
95.4710903725847
0.0
70.58675011448773
91.7136214433265
0.0
81.874584711536
90.44305007591376
84.71731282924333
30.61010415152218
0.0
53.459353792113035
44.989453671842526
88.72222550508201
86.53965702209337
0.0
0.0
0.0
52.30155957106696
63.41531866836108
0.0
0.0
49.14320276233238
31.66399527860425
47.92106805587284
54.874821622447314
61.78536563257441
56.59604297891269
84.03575836676413
31.853931510348733
57.97750071437696
88.5523926185926
56.2294977162595
47.08723528429037
0.0
56.46608069635559
92.19338937354979
95.98925043626876
68.50596292141641
95.26000925838729
34.28657178800186
0.0
86.2335257101692
0.0
0.0
47.52539145998392
72.19203977412892
30.547476226592675
0.0
98.67110138923992
98.60092599220755
0.0
40.36048947296159
86.22874156585766
31.442449132198732
0.0
0.0
52.89091069665084
0.0
0.0
63.322664875709066
68.17010660988004
71.61719230959827
0.0
66.23163202743781
35.19321819813828
49.14320276233238
0.0
58.04179589757551
90.99299464706924
97.35280360570192
0.0
74.69393867439351
65.55674091093795
46.29401895177295
0.0
53.97152084324641
55.23663170107764
34.00419111215573
0.0
84.63194595485848
69.48050751237324
83.7468171847045
0.0
53.780317299480515
0.0
32.974923446985855
50.88318446835143
78.42787121052328
64.12884867766445
32.47992376544581
72.60790971591649
0.0
44.40714222167945
97.9243627190499
84.14178775781401
76.55197322529311
72.87907420178567
0.0
33.54079158167008
0.0
61.468752035710054
38.54958037897788
54.96284208320357
0.0
92.60123477419069
75.24525207330959
88.2749701420747
0.0
61.44180386488593
47.40257560024486
31.66399527860425
58.04179589757551
0.0
87.64200397921904
67.38208405687112
30.31397475534955
32.121051064149874
0.0
41.18408011381004
89.71090435892205
33.27384302968409
84.19934996449375
0.0
0.0
77.68185343962652
74.63225684427934
64.08638002766997
46.14250494412009
0.0
34.39484146180752
38.543698288493964
95.23457135179986
45.284000992802866
0.0
0.0
47.680991318213614
0.0
80.86595765889962
40.103536296593994
61.37277781958856
78.83855869377493
38.11698460854802
38.51075788520234
49.68085268440608
91.36032766074939
30.836581963692694
77.28677837231332
56.749866668124525
70.0722204480255
0.0
35.87490767058287
0.0
59.438470086050515
89.34416363700822
55.37566490458113
47.92106805587284
90.99299464706924
87.64200397921904
0.0
43.40069568645346
99.74458431605406
62.39617912949302
86.71679815781614
0.0
60.456315555879726
82.33104373645884
33.216013557084246
71.16889988600659
82.03269430513735
0.0
79.00587774771995
57.7139382787296
41.24670961927226
0.0
51.06838649980917
97.09453961969862
68.56699799484467
85.58429179787005
35.940696467162894
0.0
0.0
0.0
71.0711877985821
78.92548943234065
30.529237113107275
51.412097195107165
57.04378577947293
79.44510025916084
34.0393834760988
52.63207801911364
95.7324211096653
97.44694536798721
0.0
75.6529397115462
53.88463148106821
53.00368568860691
70.34177053935682
64.15819775994635
80.86912918091724
0.0
54.874821622447314
97.35280360570192
67.38208405687112
43.40069568645346
0.0
50.599378164792995
95.69680457443121
66.75128608870446
68.03979326727202
79.33750059157128
0.0
32.00562423778063
78.29096284606186
45.825546317482015
0.0
50.86619867988546
44.032008544024066
48.76564952901188
0.0
0.0
0.0
70.84714522422792
83.83350184715849
67.94045048457721
38.76443682607864
0.0
72.42542508648641
88.48257537646697
71.80295808998747
0.0
41.94863193633147
0.0
0.0
69.3556756624846
35.24111633068729
0.0
38.17860620440035
53.058505931511746
93.04143923729276
90.78243579560979
35.141121315971375
0.0
0.0
36.16159519929833
91.88811057137289
61.78536563257441
0.0
30.31397475534955
99.74458431605406
50.599378164792995
0.0
97.38595505210374
89.2328161001621
79.33230733611225
92.16851387380488
41.34990016371059
70.57018681003903
0.0
74.99126896978639
91.50195679965947
94.0339787763889
73.82313024457295
0.0
60.578902388479214
0.0
84.61942586101324
98.11584847058626
77.95227610288549
38.91547104949351
63.691246330294184
89.36717249699498
0.0
0.0
43.02748176511885
89.65633861395824
94.96971961551463
0.0
32.79143180467926
35.5602424926104
0.0
36.245689750785026
88.63492066292429
59.29377512644824
49.552371999695225
67.0279288250342
0.0
83.3353749967787
62.47636942162028
82.07365523998843
33.13914351443992
56.59604297891269
74.69393867439351
32.121051064149874
62.39617912949302
95.69680457443121
97.38595505210374
0.0
77.23845877734112
0.0
0.0
0.0
89.1141552376493
0.0
0.0
63.14935203886322
70.61227814322561
37.75495348676428
49.196422337537676
0.0
64.10423323980875
0.0
66.51540394557105
0.0
48.508991086486716
0.0
0.0
58.36351674761893
99.722677061388
46.786233938764084
52.98555744994161
98.75133709282429
58.099999293138325
0.0
58.224135649321184
50.328474907035755
70.18523986814196
0.0
62.178815438305584
67.73415418971977
46.494240419121525
39.37963338327211
39.35977222737344
87.16935626870566
46.88430890690306
71.69721693254105
84.03575836676413
65.55674091093795
0.0
86.71679815781614
66.75128608870446
89.2328161001621
77.23845877734112
0.0
31.872301107573655
76.3943994382142
45.61074767588122
95.9339706199136
0.0
37.63230500175465
37.20936664156084
31.269224766687643
0.0
0.0
0.0
0.0
59.57460977102574
69.51780480001912
0.0
0.0
97.9023317100732
0.0
43.07753701295839
83.5012123046759
46.13190724933742
64.03544623988876
31.305209695441402
43.067531637610806
98.44335934748807
0.0
88.61873948634977
0.0
0.0
73.58464086746815
0.0
84.30079912257959
0.0
62.43522374968787
0.0
45.51516773113942
90.58348776263864
31.853931510348733
46.29401895177295
41.18408011381004
0.0
68.03979326727202
79.33230733611225
0.0
31.872301107573655
0.0
75.77206132092799
60.67682463255393
63.53337061348928
37.01854359050248
0.0
66.99426445517813
0.0
79.11575057970978
0.0
32.9418623912709
73.39671163184255
73.42547024882248
87.31715357940553
58.72016213120572
55.72102171003137
56.353881756682874
0.0
0.0
0.0
97.99028733292197
45.08546677861542
98.31126046711097
0.0
96.389736901492
63.58589597241291
0.0
0.0
0.0
48.56434614211015
0.0
87.30940120906175
47.105242629869075
51.51668506333861
56.48321110155691
0.0
73.83115372859662
57.97750071437696
0.0
89.71090435892205
60.456315555879726
79.33750059157128
92.16851387380488
0.0
76.3943994382142
75.77206132092799
0.0
48.74487130918469
94.18195246876118
0.0
0.0
84.3005278472742
0.0
30.21263893170054
97.74568970625577
70.18808707026427
86.00405275885913
67.30153378365844
0.0
42.0735696301977
73.08764125638695
86.71370303444573
0.0
78.2810304791972
96.91787621752661
99.16162222348683
41.472748607794784
68.24374456645985
53.704685778532486
0.0
41.48210220798127
89.44846811944848
84.08114734916676
93.26116382119272
63.60827302846141
60.03649678026973
0.0
81.8223891245919
0.0
69.0186605628524
53.67032277111636
0.0
88.5523926185926
53.97152084324641
33.27384302968409
82.33104373645884
0.0
41.34990016371059
0.0
45.61074767588122
60.67682463255393
48.74487130918469
0.0
95.35876841882596
85.50141560912209
89.47725238770887
83.15675641793717
73.90285141967574
98.81791910636467
52.04887639810066
88.58873349841416
41.9107252571693
50.26841773890366
59.705831446910125
0.0
0.0
49.52541837990752
70.46288521336828
0.0
87.78492769471701
60.24946531497391
95.94781746839213
67.06479437150512
62.416685293368715
49.71447160105741
62.3981233635694
74.50564910066241
0.0
0.0
0.0
66.7597952818233
72.06855791526223
86.99648154537644
99.56251341682946
70.9033286412176
0.0
53.633578685924974
56.2294977162595
55.23663170107764
84.19934996449375
33.216013557084246
32.00562423778063
70.57018681003903
89.1141552376493
95.9339706199136
63.53337061348928
94.18195246876118
95.35876841882596
0.0
35.59028035460776
42.08129420090257
0.0
76.12735726657397
53.113964973825844
95.30252384906657
87.49801927234894
73.42153530370845
96.60567184193245
96.38519072239168
85.56002891986454
86.67856909536218
0.0
57.60827770868583
0.0
78.43692328387779
94.77411163344667
44.8997456307792
0.0
67.29019283995689
0.0
49.754882449402515
65.08379728232622
0.0
58.416520971127454
30.652064184856684
79.35486067022845
53.767849376844836
52.10364429977466
80.52424114314519
0.0
0.0
58.62376753761006
47.08723528429037
34.00419111215573
0.0
71.16889988600659
78.29096284606186
0.0
0.0
0.0
37.01854359050248
0.0
85.50141560912209
35.59028035460776
0.0
0.0
76.06302006571346
37.38963872323052
73.58047460687331
34.58219267245226
72.22135068560196
0.0
74.00408019468694
51.25096201643949
55.78006417297126
75.44596198855831
0.0
64.9522819212024
0.0
48.17451066858284
92.31100895068653
98.07267770670968
80.257589045564
39.24959431131501
0.0
74.37023217575192
85.68488455664912
56.537778597991235
78.99394463642093
54.1417954010758
81.63286422426538
79.9283512378926
53.36100558387744
0.0
93.99437199110014
52.31739527178546
79.10846208340419
0.0
0.0
0.0
82.03269430513735
45.825546317482015
74.99126896978639
0.0
37.63230500175465
0.0
0.0
89.47725238770887
42.08129420090257
0.0
0.0
70.58034189566264
45.86720152436507
79.72028857226665
0.0
53.2881842110701
37.650789264670486
44.71589627852033
52.87003328140905
83.63170496099218
84.7668960392368
56.24479174725423
54.30804718894754
0.0
42.55734861489664
0.0
41.41304160313109
0.0
33.71438914927831
96.60080956521007
93.09251054551632
97.368493923793
82.5660076489072
72.91861915214369
99.8935605424788
0.0
36.18800352361321
65.9322910504628
43.79586911070881
70.2816245345864
92.58174658990868
85.37085541531813
56.46608069635559
84.63194595485848
77.68185343962652
0.0
0.0
91.50195679965947
63.14935203886322
37.20936664156084
66.99426445517813
84.3005278472742
83.15675641793717
0.0
76.06302006571346
70.58034189566264
0.0
41.25173005561175
35.454753654276935
39.49680630588508
48.548172726602935
58.896646131061715
76.41280049651061
0.0
0.0
0.0
96.29921432692392
73.15486279877135
43.052748546558426
88.60790790260222
58.44126743692336
84.9253660300052
0.0
78.75735275965096
44.793597579372495
86.1943457161097
99.49767809216883
31.464233496498892
0.0
45.2661927597883
90.04260319762635
64.46752664753686
0.0
99.18041202484575
73.40456186182351
69.23398709626733
0.0
92.19338937354979
69.48050751237324
74.63225684427934
79.00587774771995
50.86619867988546
94.0339787763889
70.61227814322561
31.269224766687643
0.0
0.0
73.90285141967574
76.12735726657397
37.38963872323052
45.86720152436507
41.25173005561175
0.0
0.0
0.0
0.0
99.28032336904297
0.0
99.72176053214459
0.0
54.68292728333805
53.435524674351925
30.072825116344955
74.3674666769955
79.02705979292037
0.0
0.0
33.701825107063236
0.0
65.50140692017618
42.18657881180659
39.5892892126686
36.977440337965746
0.0
97.03129023552565
0.0
45.74338918284069
52.96173159019666
62.4137521827717
55.348242114860014
46.533780951972844
88.89380659306362
95.98925043626876
83.7468171847045
64.08638002766997
57.7139382787296
44.032008544024066
73.82313024457295
37.75495348676428
0.0
79.11575057970978
30.21263893170054
98.81791910636467
53.113964973825844
73.58047460687331
79.72028857226665
35.454753654276935
0.0
0.0
42.853449194071395
83.83740362280247
0.0
74.56987402871599
0.0
61.359612728813204
0.0
53.58387231195655
60.0220145051988
61.71690984633038
95.08488190105615
93.11545823300096
98.66380637347565
41.40805182718495
61.92595135329944
42.37435257921433
0.0
0.0
94.10224486695407
98.27592502299593
59.204346863340376
57.58448770439366
69.50520363966582
79.80640596637579
90.58618185759777
40.610397732586115
0.0
0.0
68.50596292141641
0.0
46.14250494412009
41.24670961927226
48.76564952901188
0.0
49.196422337537676
0.0
0.0
97.74568970625577
52.04887639810066
95.30252384906657
34.58219267245226
0.0
39.49680630588508
0.0
42.853449194071395
0.0
91.5146454209557
0.0
63.12668525180185
45.97085278264231
79.82540597751972
39.91656419143024
40.126488275977565
91.13337555714608
43.745018431630754
0.0
0.0
66.27962057962219
0.0
87.85772290250273
82.18163060347811
92.94586599328062
76.97341328619405
71.58136300538368
56.04754408655569
50.09490902419914
0.0
36.148786371746404
67.21446805448036
0.0
59.33236098471645
32.78459212378246
65.13706352281604
95.26000925838729
53.780317299480515
0.0
0.0
0.0
60.578902388479214
0.0
0.0
32.9418623912709
70.18808707026427
88.58873349841416
87.49801927234894
72.22135068560196
53.2881842110701
48.548172726602935
0.0
83.83740362280247
91.5146454209557
0.0
90.00657497215214
0.0
93.74713385086548
87.65139411921416
50.893123733186755
0.0
0.0
48.67712756524497
71.05161603280052
63.504906206438534
74.35395005514876
91.92269155501363
0.0
0.0
58.376303697574244
55.91239299958739
0.0
75.34208384554124
47.5720869680229
0.0
0.0
0.0
0.0
36.44554262792515
48.795906628085895
55.10986507326213
34.28657178800186
0.0
34.39484146180752
51.06838649980917
0.0
0.0
64.10423323980875
0.0
73.39671163184255
86.00405275885913
41.9107252571693
73.42153530370845
0.0
37.650789264670486
58.896646131061715
99.28032336904297
0.0
0.0
90.00657497215214
0.0
31.80347218061103
78.49792574827619
86.2115747051475
99.19599765664898
0.0
51.665548374681336
0.0
45.3069272502241
0.0
0.0
38.91864237360217
60.99519274871358
38.67391863810328
55.86776403515816
48.728133536940966
90.51422595514038
90.60393347988904
66.1332606501978
54.442187055852415
90.70202884423585
69.64819665992876
98.98514196168504
64.64242636917928
0.0
67.55653140265541
0.0
32.974923446985855
38.543698288493964
97.09453961969862
0.0
84.61942586101324
0.0
59.57460977102574
73.42547024882248
67.30153378365844
50.26841773890366
96.60567184193245
74.00408019468694
44.71589627852033
76.41280049651061
0.0
74.56987402871599
63.12668525180185
0.0
31.80347218061103
0.0
81.05992254440024
42.597414318073504
77.2873438988928
0.0
0.0
99.54328500801161
90.56934479543243
48.94105017979221
82.16715322089911
0.0
32.36121940075626
37.78236255114835
64.72303807081876
91.45452153923209
0.0
0.0
50.20840510363239
33.51093748216966
0.0
0.0
47.56497723526117
50.66515633778865
0.0
0.0
86.2335257101692
50.88318446835143
95.23457135179986
68.56699799484467
70.84714522422792
98.11584847058626
66.51540394557105
69.51780480001912
87.31715357940553
0.0
59.705831446910125
96.38519072239168
51.25096201643949
52.87003328140905
0.0
99.72176053214459
0.0
45.97085278264231
93.74713385086548
78.49792574827619
81.05992254440024
0.0
49.94448653543397
66.78071646697099
82.7923482337142
38.80693931335393
43.97835995587893
49.07343226912643
45.950640314543826
0.0
84.64686239948966
0.0
59.897491710862944
75.28405479287393
78.09836575976014
71.35011993106278
87.91695904182089
37.493583953409996
54.474392922108905
86.87347925974962
86.56667161637188
31.597312830413713
0.0
77.4978934376422
36.87528776163645
0.0
78.42787121052328
45.284000992802866
85.58429179787005
83.83350184715849
77.95227610288549
0.0
0.0
58.72016213120572
42.0735696301977
0.0
85.56002891986454
55.78006417297126
83.63170496099218
0.0
0.0
61.359612728813204
79.82540597751972
87.65139411921416
86.2115747051475
42.597414318073504
49.94448653543397
0.0
0.0
37.904088686484236
0.0
31.365078254851657
41.21227071926211
89.83153061827352
71.3404036830467
74.21169458107423
0.0
0.0
68.24344394644059
92.57066406850659
41.73590337149749
0.0
0.0
57.49968189162
0.0
52.96001937519219
37.99441970427345
34.633621078019054
52.7837687976957
0.0
0.0
64.12884867766445
0.0
35.940696467162894
67.94045048457721
38.91547104949351
48.508991086486716
0.0
55.72102171003137
73.08764125638695
0.0
86.67856909536218
75.44596198855831
84.7668960392368
0.0
54.68292728333805
0.0
39.91656419143024
50.893123733186755
99.19599765664898
77.2873438988928
66.78071646697099
0.0
0.0
68.08203627309354
99.18849760533543
81.38617312962673
93.81057062143674
72.10055932938931
0.0
70.25530960100151
35.52942971740842
84.87968092970965
81.1412292108501
0.0
94.53183920380373
84.0191518983691
0.0
92.69583537427586
42.46323776159207
55.65327754215811
85.18057098724651
31.47144666906055
79.30088642494223
56.72054017673301
47.52539145998392
32.47992376544581
0.0
0.0
38.76443682607864
63.691246330294184
0.0
97.9023317100732
56.353881756682874
86.71370303444573
49.52541837990752
0.0
0.0
56.24479174725423
96.29921432692392
53.435524674351925
53.58387231195655
40.126488275977565
0.0
0.0
0.0
82.7923482337142
37.904088686484236
68.08203627309354
0.0
78.19522532118447
90.66750100770778
71.62449518678868
58.62346556040214
99.20577119389712
75.46905324611835
30.985860856037085
0.0
77.12569126157288
67.73386225260467
66.97079560831972
64.49098032664946
0.0
0.0
0.0
34.94623532532843
63.24311398661578
47.95117052329722
87.23414234036895
95.4710903725847
72.19203977412892
72.60790971591649
47.680991318213614
0.0
0.0
89.36717249699498
0.0
0.0
0.0
0.0
70.46288521336828
57.60827770868583
64.9522819212024
54.30804718894754
73.15486279877135
30.072825116344955
60.0220145051988
91.13337555714608
0.0
51.665548374681336
0.0
38.80693931335393
0.0
99.18849760533543
78.19522532118447
0.0
33.18707817978453
55.92217022644324
52.96022874387551
32.238409205740815
46.334018911856504
47.66867192104374
52.363724398416245
0.0
34.706260444751635
0.0
73.3340704518284
85.59108306842752
0.0
89.1069768482727
88.05184287254008
75.8660429599633
61.035586634293665
98.65326430206648
0.0
30.547476226592675
0.0
0.0
0.0
72.42542508648641
0.0
58.36351674761893
43.07753701295839
0.0
78.2810304791972
0.0
0.0
0.0
0.0
43.052748546558426
74.3674666769955
61.71690984633038
43.745018431630754
48.67712756524497
0.0
99.54328500801161
43.97835995587893
31.365078254851657
81.38617312962673
90.66750100770778
33.18707817978453
0.0
0.0
71.04424622989274
62.5853444448765
65.04650309539886
0.0
54.50336493602977
92.87196755337513
0.0
38.365571617973
0.0
61.45060821086641
0.0
0.0
50.22552112425717
51.68147021020846
62.56813635752392
87.46966500595911
70.58675011448773
0.0
44.40714222167945
80.86595765889962
71.0711877985821
88.48257537646697
0.0
99.722677061388
83.5012123046759
0.0
96.91787621752661
87.78492769471701
78.43692328387779
48.17451066858284
42.55734861489664
88.60790790260222
79.02705979292037
95.08488190105615
0.0
71.05161603280052
45.3069272502241
90.56934479543243
49.07343226912643
41.21227071926211
93.81057062143674
71.62449518678868
55.92217022644324
0.0
0.0
48.683541653896185
92.25398100991296
56.20082741684428
44.14319064371406
0.0
82.52795911189983
82.32350782899859
0.0
61.360936814643736
0.0
36.98442917938295
89.43641886797676
0.0
56.9817615235405
96.05352839365656
0.0
91.7136214433265
98.67110138923992
97.9243627190499
40.103536296593994
78.92548943234065
71.80295808998747
43.02748176511885
46.786233938764084
46.13190724933742
97.99028733292197
99.16162222348683
60.24946531497391
94.77411163344667
92.31100895068653
0.0
58.44126743692336
0.0
93.11545823300096
0.0
63.504906206438534
0.0
48.94105017979221
45.950640314543826
89.83153061827352
72.10055932938931
58.62346556040214
52.96022874387551
71.04424622989274
48.683541653896185
0.0
52.82301058199332
89.11652183719694
60.917499768370014
75.60468698675315
37.20697632587438
71.8029112985904
38.57964358383138
0.0
0.0
47.67484075744893
0.0
51.98836754210929
32.232635126410614
91.95034006676107
72.68236657259305
0.0
98.60092599220755
84.14178775781401
61.37277781958856
30.529237113107275
0.0
89.65633861395824
52.98555744994161
64.03544623988876
45.08546677861542
41.472748607794784
95.94781746839213
44.8997456307792
98.07267770670968
41.41304160313109
84.9253660300052
0.0
98.66380637347565
66.27962057962219
74.35395005514876
0.0
82.16715322089911
0.0
71.3404036830467
0.0
99.20577119389712
32.238409205740815
62.5853444448765
92.25398100991296
52.82301058199332
0.0
0.0
53.1732544321943
90.7068743229235
99.26787967312275
0.0
35.275210323367
0.0
81.22624884022714
68.79749784110547
0.0
57.06026386314687
58.29099021260336
0.0
71.95490751616401
81.874584711536
0.0
76.55197322529311
78.83855869377493
51.412097195107165
41.94863193633147
94.96971961551463
98.75133709282429
31.305209695441402
98.31126046711097
68.24374456645985
67.06479437150512
0.0
80.257589045564
0.0
0.0
33.701825107063236
41.40805182718495
0.0
91.92269155501363
38.91864237360217
0.0
84.64686239948966
74.21169458107423
70.25530960100151
75.46905324611835
46.334018911856504
65.04650309539886
56.20082741684428
89.11652183719694
0.0
0.0
end 
