0
30.030032213839185
30.41793452999731
1311.2969676859373
1
20.938725310528667
28.604886254916813
2172.3880542351008
2
27.54902776233893
28.813381095122395
1214.8849054124976
3
22.050261677422
27.594045810030117
1629.849879815014
4
21.14672127601763
22.875131810205342
1966.763258938903
5
19.976121996484913
18.563192196382715
2940.9406075486677
6
21.36513084304288
24.990175885276656
1192.4431984124622
7
30.824117118085958
16.719020618157785
1763.9962474833353
8
27.066434710906506
18.87139967307551
2892.354069063227
9
30.22809854191243
19.469455404067872
1019.2353410366035
10
27.720559851940862
20.761929388585838
1884.73883647579
11
26.91635108592778
24.723932572104285
2888.6354635488588
12
29.04333841958082
23.405884917126627
1013.1100258145441
13
21.113603760793183
20.276558957150726
2487.3605550253455
14
19.78618025270034
18.304721100296714
2414.594981000506
15
22.97471995807819
23.130095500417568
1771.315663029758
16
30.657951924402536
19.80818075830642
2131.982693473463
17
24.614909069136132
15.0348036664522
2696.1843253851994
18
25.41743861485944
21.301341982520658
1433.6932054832964
19
28.522533476577678
27.15393055127528
1877.4872201742355
20
27.25098673123292
15.909953905843937
2968.323295286814
21
28.231969908948972
15.26768319952942
1080.075181669553
22
25.535352838141975
21.270826592571776
2274.909361930347
23
19.86108537982644
22.680529275893313
2557.8619687190026
24
20.620988871687892
30.26809817921717
2876.7792822754827
25
17.996374723762933
19.143205745651414
1479.1372720557417
26
29.746646527363346
22.235400339162915
1248.4642174710414
27
27.70427351547858
17.531541021202248
1790.1552194997678
28
20.752884333332837
27.733848697234585
1432.893835992888
29
18.175248510854193
23.379731796973438
2390.832384665404
30
17.790442054952564
29.152090639733714
1054.2199138977815
31
25.43360070355259
26.03666650938741
2685.8338725672984
32
21.36013491352948
20.302920495644255
1261.4851608535023
33
27.186111753253748
29.340910778830207
1473.385657969176
34
25.164531410474755
18.92687282527089
1989.7817329769218
35
20.50235713366267
22.183655883219657
2703.1896324620275
36
18.53885244347508
21.322350286883115
2313.009459432762
37
19.63431041046249
25.789935895451258
2685.489645006118
38
22.549881393210566
15.71984889022038
1112.237679356597
39
16.65842254253542
24.38734305612265
2460.8468618335073
40
21.847825042447646
22.770351674231954
2340.579676891416
41
16.27526652904468
15.28895709008043
2708.53447555758
42
15.417648556421575
24.64057507095071
1624.3856629304416
43
29.295748673601814
24.183863877096933
2122.6976840493176
44
20.644058279684785
24.46611743879898
2543.1273223918724
45
17.09442259747491
17.24511147082532
1786.8955953557456
46
28.468606740121523
19.823289936424818
1554.1570391377945
47
20.38519696042045
25.921838450482962
1648.2351639197468
48
15.519036482035999
20.70712659132162
1240.3503960794683
49
19.588369590040458
28.120272052175125
2723.711869474776
0.0
0.0
0.0
71.54509473709422
52.89769877804806
72.95505610355606
0.0
80.91522133047397
0.0
0.0
90.05989606173662
66.59524575813805
83.59795605961057
90.32933279616996
52.23872181362172
46.62414928465185
90.52969329039257
80.41040892453748
32.952916897491704
98.25392156673637
0.0
97.22199592012413
92.26400988884856
93.56674846389751
78.5652358020636
94.71183412786978
96.96711514838249
31.90241026870656
0.0
89.41407430009866
81.62338825801017
0.0
61.852915083703635
30.213163672024432
66.7160640942455
80.75892711398737
64.57635783931079
87.90086399976957
0.0
0.0
59.521010699315354
0.0
72.45521958261742
79.22759004065136
56.67080510089141
88.60400764522106
93.33846071135889
98.55970584315072
0.0
89.72995937440413
0.0
0.0
97.44994540591814
60.436034167301116
58.73627905304478
32.58435342253598
53.49568997438843
0.0
46.74502354767402
0.0
80.78251486922181
38.52341745708834
31.62361472849347
93.45249814348907
0.0
78.34822657168786
41.122392653050476
82.27707627459824
81.0668427709569
54.66791850443512
74.82872160444842
42.70074384510217
62.30338442522284
86.38967034282379
77.87515918776973
0.0
53.08894794341309
56.05683926717438
49.969248485235106
0.0
0.0
53.389603322677466
81.66504977732527
72.03197242181103
48.037791149717606
52.765360773342906
83.93332675884349
0.0
85.36082241887807
0.0
33.54862478542073
80.4129757778118
63.5214792889993
66.5276440999547
92.74332756120859
74.68070192092955
37.888153785220936
37.12702865710423
70.94139779015504
86.89188806400385
0.0
97.44994540591814
0.0
87.81142713327029
80.71625161870612
0.0
0.0
40.78776942481035
42.70424516903681
0.0
73.53634638671275
0.0
90.36091919366348
59.18419844408835
32.762956896380636
47.169354614934065
59.632501148051745
0.0
64.04088186532454
69.63459657651816
86.68755016807212
0.0
80.72347707921735
0.0
72.49988695748107
50.85506421951128
64.18592630503097
57.75976544793167
0.0
44.205655770819035
0.0
94.78577558475432
0.0
83.2440854811615
45.233589190608974
31.97394805195917
42.48003054328041
0.0
40.037716696266656
98.83478073761408
79.35787696917677
87.69532266740848
65.75900362038767
0.0
71.07337166139541
36.0880467880693
53.94343263767772
0.0
98.05603975094549
64.61709303281218
71.54509473709422
60.436034167301116
87.81142713327029
0.0
59.810447249255
30.745974457537905
51.42235893306547
0.0
0.0
77.19259215211318
0.0
34.0984060522691
0.0
96.12143447685119
0.0
31.751823299009665
79.77513689640242
51.9013164033473
0.0
45.18753047163278
31.275825571223443
0.0
0.0
49.72422017487839
88.07629845044163
0.0
0.0
74.47123631587212
60.65807685989245
0.0
0.0
45.662767504252784
31.81424242209185
55.49305290537373
0.0
46.85664493031045
84.8485823659612
57.274152598316306
0.0
55.004699064030866
86.7030294602071
59.051644957834874
72.39014879819139
35.08790480869234
50.79482211928813
36.14677448110593
91.80095758083891
96.99461682818404
50.3471968876535
65.59300627741038
52.89769877804806
58.73627905304478
80.71625161870612
59.810447249255
0.0
73.36403074564751
0.0
77.17315987882719
0.0
69.5261623674619
32.02381532786533
0.0
39.356917709338234
0.0
0.0
61.654998996471406
76.2184763598615
58.64696864218557
33.14448069859975
86.06470387376237
0.0
40.70755727483663
68.44751897478614
0.0
78.24871504076049
57.18042608194241
0.0
0.0
0.0
74.01732091750705
92.77529697056934
0.0
64.34966712681178
0.0
48.49506039813487
62.378678201769226
92.77896413394629
46.69583897330954
83.52744507551333
33.70626165447576
55.941413096598225
36.377155486946414
95.11962806825662
0.0
61.31611851496926
94.96860964856812
43.921330932863455
94.40491358466056
0.0
75.7733658245654
72.95505610355606
32.58435342253598
0.0
30.745974457537905
73.36403074564751
0.0
55.434556102621755
43.53162428968923
82.73470119326011
46.32984132984721
61.35427108124013
71.78760867066276
0.0
43.25758615815394
97.25038850099759
60.3373555301441
87.84019473430136
0.0
71.85098923150805
0.0
35.448384998618174
33.86158168907588
62.194543029703304
59.428607174530605
32.10192094745923
50.542008390007005
97.56355664552297
0.0
77.02175696669275
0.0
33.21947784310761
68.58356164952222
57.90681883936202
0.0
85.96314118882673
57.686710790176264
84.43111275703504
87.12542202678819
79.11295035903848
62.51378044828343
30.343456098531725
70.66820819858421
44.89202820271265
47.19258382261033
73.40686854487376
80.23907930511965
66.82803246536648
84.52318796324508
88.51657222071606
0.0
0.0
53.49568997438843
0.0
51.42235893306547
0.0
55.434556102621755
0.0
80.26153354408198
0.0
85.96052540340514
48.03005024272784
40.689579159288016
51.330514656311266
0.0
0.0
0.0
91.07861135710155
85.54299219568506
64.16481347652676
97.30585851667678
0.0
79.23017608867117
46.89139875293881
0.0
0.0
0.0
0.0
0.0
0.0
0.0
52.53840096652443
40.09911826720466
0.0
0.0
42.796491150437795
0.0
36.90544856450198
53.03847727473872
90.16674260954512
74.6178642446404
97.45292590050273
90.71143733185323
0.0
0.0
0.0
62.18466154948412
66.62309370379666
87.06336657221348
82.10116950519222
34.735302628780424
80.91522133047397
0.0
40.78776942481035
0.0
77.17315987882719
43.53162428968923
80.26153354408198
0.0
82.83900869248207
35.21978318982565
70.46359035625991
46.928277711668485
86.51201476489277
43.12982009615337
46.978489205406724
76.05607489507912
48.84288175323547
48.31261194029291
92.41169215567982
41.15367598780651
0.0
90.77050788916432
73.21499425349057
0.0
0.0
0.0
83.8790265973054
79.80933735810844
36.11155404892696
64.80449354589281
0.0
35.07577368998224
41.59867179559894
42.42815095452286
60.417751981267045
85.53563993271422
47.50405000351364
0.0
33.44206463803181
0.0
0.0
0.0
35.17759786719261
53.43946151115688
75.41075836951856
86.56965324623468
0.0
74.55786360566918
74.66795006269484
96.9130521285462
0.0
46.74502354767402
42.70424516903681
0.0
0.0
82.73470119326011
0.0
82.83900869248207
0.0
0.0
0.0
84.58956362971651
98.35196736274985
99.07871912617352
64.45556147960737
54.36170655882286
36.86405431071459
31.668508547974245
76.60015331364325
96.98418903068615
41.92087201507999
46.6869231256767
54.76011269235451
47.77101965089702
91.11120513483063
66.85071910130848
45.41226632537415
91.45762177143608
70.23381550915528
90.4471572099866
39.56326246079982
53.509046738982846
0.0
0.0
0.0
41.20390231407485
36.86971035037106
0.0
40.58594539346548
92.6234576823891
94.76640360752154
80.28417199739005
37.317269332636464
45.65025896021818
71.68464187253619
84.50387876437816
68.85376299659826
0.0
90.7992279875598
95.95972682000429
0.0
0.0
0.0
77.19259215211318
69.5261623674619
46.32984132984721
85.96052540340514
35.21978318982565
0.0
0.0
83.01390345392099
75.93886948903543
58.8351918971062
49.00990383849111
56.65858855701049
0.0
44.39474461910785
72.8503621665813
83.73920529512388
40.54482589505757
70.7920842357989
86.41761338762197
72.80417212136109
97.2586905399959
0.0
42.74907299359111
0.0
0.0
83.19180297883847
42.11633776167733
0.0
43.94844013607122
0.0
91.06589328646851
0.0
0.0
82.24872837331019
0.0
0.0
56.09100778096341
82.46735431607621
79.89614837340532
0.0
56.334163118587355
60.91497721749807
98.50314145930288
0.0
45.30330232924143
64.59055048835899
0.0
90.05989606173662
80.78251486922181
73.53634638671275
0.0
32.02381532786533
61.35427108124013
48.03005024272784
70.46359035625991
0.0
83.01390345392099
0.0
96.52722561791364
43.514388744899875
58.73086748399872
64.85570575726149
0.0
39.87472007307069
0.0
77.56105368586071
0.0
84.72483544030331
40.95370751904407
0.0
70.17273161706103
76.42811372129101
34.90309342047993
70.07891494130791
46.60610170261827
0.0
0.0
38.71021581246196
85.84479670414159
69.4658699759706
0.0
57.32483714870955
30.790593697706306
92.44963259046844
60.22113085453845
38.65971109509799
90.98961487054946
34.29686487037087
0.0
89.18407330386194
0.0
63.7665720128919
32.63012017890141
68.98425689806606
61.49033890918625
52.360820644637116
46.83563436420724
66.59524575813805
38.52341745708834
0.0
34.0984060522691
0.0
71.78760867066276
40.689579159288016
46.928277711668485
84.58956362971651
75.93886948903543
96.52722561791364
0.0
72.8747606609752
0.0
64.96600652692308
87.12539911208029
0.0
95.64401486414249
93.13278024896313
33.71525287265298
74.63340636078874
33.95816817825694
68.63358178778552
0.0
79.51161807082195
0.0
0.0
86.34738135739946
64.54550505094136
67.43338556897373
84.89185353070314
0.0
46.97886970355209
78.91940292997937
0.0
0.0
80.8366618292852
57.25429776297601
0.0
35.62360292055408
34.89620982395364
0.0
53.604805237938
38.03830698341076
79.93402185546306
74.72806856737404
95.55445489792103
31.113165167356676
0.0
0.0
83.59795605961057
31.62361472849347
90.36091919366348
0.0
39.356917709338234
0.0
51.330514656311266
86.51201476489277
98.35196736274985
58.8351918971062
43.514388744899875
72.8747606609752
0.0
0.0
0.0
32.53788422638284
83.47398767928348
0.0
82.56001204405538
50.50060172959456
36.97785446609413
36.65674370796492
67.05243589004985
98.10657759592699
42.99329833493563
0.0
0.0
0.0
96.78884554250716
68.43468954133833
0.0
61.31591541649386
0.0
0.0
92.92587387229169
97.97922783678058
75.07222453224088
89.05080306630913
93.82757330409873
0.0
52.300588190415496
47.741148061754075
57.32187329111057
72.05422101581208
54.47100004605768
89.2083086943777
77.01032588097647
85.18944245926727
47.46586354485595
0.0
90.32933279616996
93.45249814348907
59.18419844408835
96.12143447685119
0.0
43.25758615815394
0.0
43.12982009615337
99.07871912617352
49.00990383849111
58.73086748399872
0.0
0.0
0.0
85.85484539681238
45.6811915224003
98.89638152885468
63.10961804464938
0.0
0.0
40.297189308416364
74.36587803658122
48.509708652515826
66.16914990519697
0.0
0.0
0.0
0.0
0.0
75.264006800108
97.6834848889235
56.75409064623488
91.52053079819393
57.88414045686941
89.15004660230186
0.0
81.23414066776493
34.37837232616723
56.479087381041964
99.51117439752039
48.403809926486126
65.70955696967032
76.07070245766977
0.0
32.60776910387435
63.2546717859695
64.20948715132945
60.11529879994691
30.695038313610393
40.815403349694485
52.23872181362172
0.0
32.762956896380636
0.0
0.0
97.25038850099759
0.0
46.978489205406724
64.45556147960737
56.65858855701049
64.85570575726149
64.96600652692308
0.0
85.85484539681238
0.0
93.06873638982162
98.9673878250839
94.7171167462821
0.0
84.36320987397067
49.25155026596282
72.79855669317263
42.39037329010086
91.86497262233121
0.0
69.88001676337817
46.67596782071529
0.0
44.74431052044085
56.154615012117105
41.78220111637872
0.0
73.85800660680115
33.32355159635502
65.97713216815774
0.0
41.154193512307074
81.20888431190433
0.0
62.59222306229756
80.53040927185128
50.98397390979292
0.0
91.48546021523842
51.21773054156755
61.57089366309031
51.45660446104917
56.67598562366791
43.13428442981312
88.09749245168037
46.62414928465185
78.34822657168786
47.169354614934065
31.751823299009665
61.654998996471406
60.3373555301441
0.0
76.05607489507912
54.36170655882286
0.0
0.0
87.12539911208029
32.53788422638284
45.6811915224003
93.06873638982162
0.0
47.488717184146836
74.39369437574823
90.47412067093467
99.30288748567673
0.0
93.93363714537145
89.5903014645919
66.6181960291988
0.0
65.40987500200157
80.16937637152071
45.59638663630021
86.79730643313479
0.0
56.58164768638326
82.90536545454
42.545237383705945
31.45019544745363
46.91909156084755
31.20644282651361
82.26764564526276
51.04929016732705
43.167743237243904
72.02919534134834
50.43395186131502
0.0
0.0
61.035775451441026
81.89925512386552
0.0
59.763591025158675
36.582060145297916
0.0
98.82634844556242
90.52969329039257
41.122392653050476
59.632501148051745
79.77513689640242
76.2184763598615
87.84019473430136
91.07861135710155
48.84288175323547
36.86405431071459
44.39474461910785
39.87472007307069
0.0
83.47398767928348
98.89638152885468
98.9673878250839
47.488717184146836
0.0
0.0
67.82106872275307
73.83133944757196
55.99834833265508
0.0
52.37350990357543
90.7980837790121
43.431115523898754
57.24823112752321
42.45865491782278
72.41129811832847
57.646742094154725
0.0
85.00767601121747
77.73027762928268
69.16780693706654
67.517617755034
47.243452233310194
72.2271164582557
92.69567437298049
66.20195471977215
34.97260393659049
64.32776849151551
40.26302210918778
0.0
86.29481205130605
33.31551134699352
0.0
33.72890145820479
95.78828857447249
71.07704923530557
80.63955061451412
52.48024811226128
80.41040892453748
82.27707627459824
0.0
51.9013164033473
58.64696864218557
0.0
85.54299219568506
48.31261194029291
31.668508547974245
72.8503621665813
0.0
95.64401486414249
0.0
63.10961804464938
94.7171167462821
74.39369437574823
0.0
0.0
37.434714000330885
50.8163519381734
91.7493087343333
82.32723187462054
0.0
95.02580492737022
30.933189184088548
56.35065946161778
34.2428258554731
86.42969024692562
91.19012296601097
0.0
39.156473972052574
93.81337663518958
85.67591526437192
49.74514526412866
53.53446159525861
45.61180666813538
0.0
76.94316432219591
43.74148511394037
56.51787349872226
77.00619479996999
69.7394937882062
97.0525223881953
49.95502868360717
52.71178276952931
84.07660830441853
66.91301931006961
76.48829753587191
85.93568433852268
75.41307690352983
32.952916897491704
81.0668427709569
64.04088186532454
0.0
33.14448069859975
71.85098923150805
64.16481347652676
92.41169215567982
76.60015331364325
83.73920529512388
77.56105368586071
93.13278024896313
82.56001204405538
0.0
0.0
90.47412067093467
67.82106872275307
37.434714000330885
0.0
88.75229106304788
77.70736751658819
94.72497524665495
85.68763407438962
71.66979494585266
34.36467765829125
78.25184159367208
0.0
40.81527129749129
0.0
90.96158779181663
89.91016411988521
0.0
0.0
80.28033705047469
0.0
97.53090298385318
70.7320557074639
89.14643489952132
64.2564609410141
63.378830616840816
91.02623578178692
42.06546681581923
31.03185584350401
45.04062049091864
97.4580893613266
0.0
58.33708526657725
0.0
98.07491669582835
91.77422069406043
98.25392156673637
54.66791850443512
69.63459657651816
45.18753047163278
86.06470387376237
0.0
97.30585851667678
41.15367598780651
96.98418903068615
40.54482589505757
0.0
33.71525287265298
50.50060172959456
0.0
84.36320987397067
99.30288748567673
73.83133944757196
50.8163519381734
88.75229106304788
0.0
35.691191606192746
34.61716896100951
48.393004121329625
0.0
79.06386178404227
56.7717246777278
0.0
32.89007224784246
0.0
99.02183843434766
90.39324317011281
98.73696060095666
37.69879839412869
86.02515765154448
64.53118268616178
0.0
36.748005409887085
52.81406136021559
68.01319429337009
93.81718101490645
97.17592888299009
49.544694056337434
85.4621900611601
79.29561775184085
0.0
88.86186721760619
0.0
44.126293553654875
69.78019688767614
49.2710495998045
0.0
74.82872160444842
86.68755016807212
31.275825571223443
0.0
35.448384998618174
0.0
0.0
41.92087201507999
70.7920842357989
84.72483544030331
74.63340636078874
36.97785446609413
40.297189308416364
49.25155026596282
0.0
55.99834833265508
91.7493087343333
77.70736751658819
35.691191606192746
0.0
52.904668746749365
58.29811758407925
95.40228439117436
67.20988800741125
56.21136048926816
0.0
0.0
45.20336001082336
0.0
96.839106585034
35.652220030458246
92.84702165906049
0.0
0.0
0.0
57.65617077837524
71.15324410250177
85.29608617038838
54.54613196694376
76.48583945858263
81.83480044889055
0.0
56.55839253174857
31.24261392453464
58.593243015446276
73.67462564162511
33.30456669906949
74.03140981932953
49.01006301370775
97.22199592012413
42.70074384510217
0.0
0.0
40.70755727483663
33.86158168907588
79.23017608867117
90.77050788916432
46.6869231256767
86.41761338762197
40.95370751904407
33.95816817825694
36.65674370796492
74.36587803658122
72.79855669317263
93.93363714537145
0.0
82.32723187462054
94.72497524665495
34.61716896100951
52.904668746749365
0.0
0.0
67.04911358047877
30.671923331545663
76.97279195531503
75.24725436935958
48.29570388383222
88.41165099140107
0.0
69.04528953748533
72.48155613359701
0.0
51.56206738653404
42.51721531260797
34.37318414435222
36.48105714233789
49.06208105689237
69.06038316182293
69.90992495216253
73.95614588757293
39.619201250083506
77.4803801419205
64.11636545194997
0.0
87.97991169350422
39.520859502033694
57.50436326915552
63.293382763464265
63.41903321410779
92.26400988884856
62.30338442522284
80.72347707921735
0.0
68.44751897478614
62.194543029703304
46.89139875293881
73.21499425349057
54.76011269235451
72.80417212136109
0.0
68.63358178778552
67.05243589004985
48.509708652515826
42.39037329010086
89.5903014645919
52.37350990357543
0.0
85.68763407438962
48.393004121329625
58.29811758407925
0.0
0.0
46.28943487223434
67.09298106629372
35.63915905202494
69.39783255186762
51.19854123990568
30.347325179859432
48.348994590784386
74.10210933263507
58.56937610860821
56.35533701641681
75.34659172817251
72.78724585480683
83.39191869821306
0.0
97.49166511793233
57.964489862679336
90.56224675917804
67.83721644768434
95.45244628443079
0.0
0.0
51.7239050975639
30.931263388535687
0.0
54.7194232325942
89.97528179387247
44.9861225833555
93.56674846389751
86.38967034282379
0.0
49.72422017487839
0.0
59.428607174530605
0.0
0.0
47.77101965089702
97.2586905399959
70.17273161706103
0.0
98.10657759592699
66.16914990519697
91.86497262233121
66.6181960291988
90.7980837790121
95.02580492737022
71.66979494585266
0.0
95.40228439117436
67.04911358047877
46.28943487223434
0.0
65.80951599168212
0.0
0.0
40.912655694921106
67.1681930673208
79.41880481442738
61.25077678930219
75.61530159886209
0.0
86.77640142604707
56.43819747804612
0.0
30.640906212120296
79.7555779964359
44.50562926779273
33.022804656509216
86.65296788455709
90.43162806553188
0.0
98.61629668543338
64.0527997047618
0.0
96.00694684967688
43.625826569516946
34.043101321318076
30.3857861838849
78.5652358020636
77.87515918776973
72.49988695748107
88.07629845044163
78.24871504076049
32.10192094745923
0.0
0.0
91.11120513483063
0.0
76.42811372129101
79.51161807082195
42.99329833493563
0.0
0.0
0.0
43.431115523898754
30.933189184088548
34.36467765829125
79.06386178404227
67.20988800741125
30.671923331545663
67.09298106629372
65.80951599168212
0.0
0.0
0.0
41.529195423921024
86.33677094075597
96.5067905990977
45.12471022659336
56.32074006537121
67.94966334507849
0.0
0.0
64.2965941667284
48.14841892271936
39.99741146280614
0.0
66.85427606885071
0.0
77.32563461785722
0.0
60.23583446561258
34.972393335289375
0.0
45.78242615235428
0.0
95.36394523480634
54.314510982824416
94.71183412786978
0.0
50.85506421951128
0.0
57.18042608194241
50.542008390007005
0.0
0.0
66.85071910130848
42.74907299359111
34.90309342047993
0.0
0.0
0.0
69.88001676337817
65.40987500200157
57.24823112752321
56.35065946161778
78.25184159367208
56.7717246777278
56.21136048926816
76.97279195531503
35.63915905202494
0.0
0.0
0.0
58.75208445300187
0.0
0.0
0.0
58.8100600403922
65.83630874849021
91.36635190360276
75.87727253878658
0.0
74.56876952834253
0.0
36.495889302195025
55.75056144225353
0.0
0.0
0.0
61.087690500122754
0.0
62.49087040566663
0.0
0.0
0.0
86.82850280976834
0.0
96.96711514838249
53.08894794341309
64.18592630503097
0.0
0.0
97.56355664552297
0.0
83.8790265973054
45.41226632537415
0.0
70.07891494130791
0.0
0.0
0.0
46.67596782071529
80.16937637152071
42.45865491782278
34.2428258554731
0.0
0.0
0.0
75.24725436935958
69.39783255186762
0.0
0.0
58.75208445300187
0.0
34.287248853484314
70.45045367292053
70.07331536157467
31.05265549528228
0.0
92.73814083153448
0.0
96.74393290743876
89.2332607491627
54.02855298648741
66.2169543124252
0.0
53.33854615096476
0.0
71.78792928002989
43.018061498101616
0.0
42.497489258012344
0.0
93.315080907814
91.31177649573416
48.94169283029211
0.0
31.90241026870656
56.05683926717438
57.75976544793167
74.47123631587212
0.0
0.0
0.0
79.80933735810844
91.45762177143608
0.0
46.60610170261827
86.34738135739946
0.0
0.0
0.0
45.59638663630021
72.41129811832847
86.42969024692562
40.81527129749129
32.89007224784246
0.0
48.29570388383222
51.19854123990568
40.912655694921106
41.529195423921024
0.0
34.287248853484314
0.0
0.0
68.84079877190791
60.95622346243451
60.3101348161633
45.06621372844029
41.91431796052737
56.732447046503694
95.75137328402846
77.73648841561865
43.33056754732179
60.109455341517645
0.0
0.0
80.73845551496802
59.072135609431285
71.76665645685762
77.93667311652811
71.85939625300917
79.13729660026928
47.51207901725808
47.61562047136079
60.88986135082792
0.0
49.969248485235106
0.0
60.65807685989245
0.0
77.02175696669275
0.0
36.11155404892696
70.23381550915528
83.19180297883847
0.0
64.54550505094136
96.78884554250716
0.0
44.74431052044085
86.79730643313479
57.646742094154725
91.19012296601097
0.0
0.0
45.20336001082336
88.41165099140107
30.347325179859432
67.1681930673208
86.33677094075597
0.0
70.45045367292053
0.0
0.0
64.46531900717514
80.62268190416616
82.51566256317736
56.82546527464062
89.09546263220216
71.19568800269818
68.65801550692217
0.0
0.0
89.27854448619266
44.764666314173006
48.18387018721478
71.69795193050601
98.18173705150375
55.09274436972743
83.12235417771853
0.0
47.589898362884625
87.74081606852704
97.5704436526011
95.52237529303258
89.41407430009866
0.0
44.205655770819035
0.0
74.01732091750705
0.0
0.0
64.80449354589281
90.4471572099866
42.11633776167733
0.0
67.43338556897373
68.43468954133833
75.264006800108
56.154615012117105
0.0
0.0
0.0
90.96158779181663
99.02183843434766
0.0
0.0
48.348994590784386
79.41880481442738
96.5067905990977
0.0
70.07331536157467
68.84079877190791
64.46531900717514
0.0
0.0
68.91754661418767
38.43205302260132
0.0
0.0
93.94739808294648
68.66680411509529
95.64851862421962
64.07558091944074
59.26023988203224
94.49219611418741
63.34095664089483
71.69720029437315
96.75284886519428
54.30399137323131
0.0
96.49264497524271
40.16934508307936
0.0
53.7947625059341
81.62338825801017
0.0
0.0
0.0
92.77529697056934
33.21947784310761
52.53840096652443
0.0
39.56326246079982
0.0
38.71021581246196
84.89185353070314
0.0
97.6834848889235
41.78220111637872
56.58164768638326
85.00767601121747
39.156473972052574
89.91016411988521
90.39324317011281
96.839106585034
69.04528953748533
74.10210933263507
61.25077678930219
45.12471022659336
58.8100600403922
31.05265549528228
60.95622346243451
80.62268190416616
0.0
0.0
0.0
0.0
0.0
97.01193823016801
30.323346998573406
0.0
75.3406338598925
47.231642596068745
58.85497208907254
0.0
97.27979579552122
49.04047015865338
55.46938562404075
0.0
0.0
45.907761057932134
54.975197658135734
85.39964363837258
0.0
0.0
53.389603322677466
94.78577558475432
45.662767504252784
0.0
68.58356164952222
40.09911826720466
35.07577368998224
53.509046738982846
43.94844013607122
85.84479670414159
0.0
61.31591541649386
56.75409064623488
0.0
82.90536545454
77.73027762928268
93.81337663518958
0.0
98.73696060095666
35.652220030458246
72.48155613359701
58.56937610860821
75.61530159886209
56.32074006537121
65.83630874849021
0.0
60.3101348161633
82.51566256317736
68.91754661418767
0.0
0.0
0.0
82.35595067222665
33.21496301170513
84.20445413570863
61.78917983540629
0.0
58.929269454959055
0.0
0.0
0.0
75.72750695422664
99.24827863123902
40.2823832923264
73.17444441060098
71.59979459133604
92.8550099677091
0.0
85.04941455777939
61.852915083703635
81.66504977732527
0.0
31.81424242209185
64.34966712681178
57.90681883936202
0.0
41.59867179559894
0.0
0.0
69.4658699759706
46.97886970355209
0.0
91.52053079819393
73.85800660680115
42.545237383705945
69.16780693706654
85.67591526437192
0.0
37.69879839412869
92.84702165906049
0.0
56.35533701641681
0.0
67.94966334507849
91.36635190360276
92.73814083153448
45.06621372844029
56.82546527464062
38.43205302260132
0.0
0.0
0.0
91.66277141517125
71.0621106647389
49.81073681681444
42.828990052917916
94.8139710597884
41.31565904981583
79.39843857701489
64.21156084076625
91.1427692091298
49.678962115362054
0.0
89.94891832938245
60.11094687572604
0.0
92.9020509904141
61.45857185048495
0.0
30.213163672024432
72.03197242181103
83.2440854811615
55.49305290537373
0.0
0.0
0.0
42.42815095452286
0.0
91.06589328646851
0.0
78.91940292997937
0.0
57.88414045686941
33.32355159635502
31.45019544745363
67.517617755034
49.74514526412866
80.28033705047469
86.02515765154448
0.0
51.56206738653404
75.34659172817251
86.77640142604707
0.0
75.87727253878658
0.0
41.91431796052737
89.09546263220216
0.0
0.0
82.35595067222665
91.66277141517125
0.0
93.24565067423751
98.91988675691178
66.49652606976335
45.98242748897611
86.64660213301433
34.33456519722281
0.0
49.07563878272448
96.99058893681183
76.61025008531388
54.78794371886298
54.340496405909235
0.0
0.0
51.2043310584494
0.0
66.7160640942455
48.037791149717606
45.233589190608974
0.0
48.49506039813487
85.96314118882673
42.796491150437795
60.417751981267045
0.0
0.0
57.32483714870955
0.0
92.92587387229169
89.15004660230186
65.97713216815774
46.91909156084755
47.243452233310194
53.53446159525861
0.0
64.53118268616178
0.0
42.51721531260797
72.78724585480683
56.43819747804612
0.0
0.0
96.74393290743876
56.732447046503694
71.19568800269818
0.0
97.01193823016801
33.21496301170513
71.0621106647389
93.24565067423751
0.0
95.51495070392357
51.23580447913966
62.88978906489925
36.149115353845225
74.03744603311858
0.0
95.78285320242763
0.0
71.56323441420861
0.0
60.56423447273971
69.49037577706787
72.49000442544022
0.0
0.0
80.75892711398737
52.765360773342906
31.97394805195917
46.85664493031045
62.378678201769226
57.686710790176264
0.0
85.53563993271422
41.20390231407485
0.0
30.790593697706306
0.0
97.97922783678058
0.0
0.0
31.20644282651361
72.2271164582557
45.61180666813538
97.53090298385318
0.0
0.0
34.37318414435222
83.39191869821306
0.0
64.2965941667284
74.56876952834253
89.2332607491627
95.75137328402846
68.65801550692217
93.94739808294648
30.323346998573406
84.20445413570863
49.81073681681444
98.91988675691178
95.51495070392357
0.0
60.65001451470091
0.0
0.0
97.80895623398119
89.12188305095091
0.0
0.0
93.50498483623828
0.0
40.637354527629476
51.07113981053119
47.71904454220373
71.15648646317018
45.54427356998107
64.57635783931079
83.93332675884349
42.48003054328041
84.8485823659612
92.77896413394629
84.43111275703504
36.90544856450198
47.50405000351364
36.86971035037106
82.24872837331019
92.44963259046844
80.8366618292852
75.07222453224088
81.23414066776493
41.154193512307074
82.26764564526276
92.69567437298049
0.0
70.7320557074639
36.748005409887085
57.65617077837524
36.48105714233789
0.0
30.640906212120296
48.14841892271936
0.0
54.02855298648741
77.73648841561865
0.0
68.66680411509529
0.0
61.78917983540629
42.828990052917916
66.49652606976335
51.23580447913966
60.65001451470091
0.0
32.34987463294018
0.0
70.99989844211008
0.0
90.42413978629807
0.0
94.29417587863132
89.72631115846943
76.73357470186997
32.26257785734795
0.0
77.57098970269581
46.66683107431142
87.90086399976957
0.0
0.0
57.274152598316306
46.69583897330954
87.12542202678819
53.03847727473872
0.0
0.0
0.0
60.22113085453845
57.25429776297601
89.05080306630913
34.37837232616723
81.20888431190433
51.04929016732705
66.20195471977215
76.94316432219591
89.14643489952132
52.81406136021559
71.15324410250177
49.06208105689237
97.49166511793233
79.7555779964359
39.99741146280614
36.495889302195025
66.2169543124252
43.33056754732179
0.0
95.64851862421962
75.3406338598925
0.0
94.8139710597884
45.98242748897611
62.88978906489925
0.0
32.34987463294018
0.0
47.803712401220665
52.05942761645805
0.0
94.18439029853016
94.88740283802102
0.0
0.0
66.13112100934289
61.06004546920505
95.57757548474315
38.533634339324244
57.87381217077423
0.0
85.36082241887807
40.037716696266656
0.0
83.52744507551333
79.11295035903848
90.16674260954512
33.44206463803181
40.58594539346548
0.0
38.65971109509799
0.0
93.82757330409873
56.479087381041964
0.0
43.167743237243904
34.97260393659049
43.74148511394037
64.2564609410141
68.01319429337009
85.29608617038838
69.06038316182293
57.964489862679336
44.50562926779273
0.0
55.75056144225353
0.0
60.109455341517645
89.27854448619266
64.07558091944074
47.231642596068745
58.929269454959055
41.31565904981583
86.64660213301433
36.149115353845225
0.0
0.0
47.803712401220665
0.0
57.61549057446193
70.55640889113808
0.0
77.62466432439089
0.0
53.566832941007966
0.0
77.73018747111706
36.757492869167606
0.0
92.87971947338741
0.0
0.0
98.83478073761408
55.004699064030866
33.70626165447576
62.51378044828343
74.6178642446404
0.0
92.6234576823891
56.09100778096341
90.98961487054946
35.62360292055408
0.0
99.51117439752039
62.59222306229756
72.02919534134834
64.32776849151551
56.51787349872226
63.378830616840816
93.81718101490645
54.54613196694376
69.90992495216253
90.56224675917804
33.022804656509216
66.85427606885071
0.0
53.33854615096476
0.0
44.764666314173006
59.26023988203224
58.85497208907254
0.0
79.39843857701489
34.33456519722281
74.03744603311858
97.80895623398119
70.99989844211008
52.05942761645805
57.61549057446193
0.0
68.12179292873137
90.88355057417817
0.0
59.36631783710646
38.25706343442782
99.8142031095188
0.0
63.760865544688855
75.99651786526036
95.53081467861526
59.521010699315354
33.54862478542073
79.35787696917677
86.7030294602071
55.941413096598225
30.343456098531725
97.45292590050273
0.0
94.76640360752154
82.46735431607621
34.29686487037087
34.89620982395364
52.300588190415496
48.403809926486126
80.53040927185128
50.43395186131502
40.26302210918778
77.00619479996999
91.02623578178692
97.17592888299009
76.48583945858263
73.95614588757293
67.83721644768434
86.65296788455709
0.0
0.0
0.0
0.0
48.18387018721478
94.49219611418741
0.0
0.0
64.21156084076625
0.0
0.0
89.12188305095091
0.0
0.0
70.55640889113808
68.12179292873137
0.0
0.0
0.0
0.0
47.338072535322155
90.51136158573479
56.137353716314784
59.62313012623954
60.62489843989443
62.687943064352304
0.0
80.4129757778118
87.69532266740848
59.051644957834874
36.377155486946414
70.66820819858421
90.71143733185323
0.0
80.28417199739005
79.89614837340532
0.0
0.0
47.741148061754075
65.70955696967032
50.98397390979292
0.0
0.0
69.7394937882062
42.06546681581923
49.544694056337434
81.83480044889055
39.619201250083506
95.45244628443079
90.43162806553188
77.32563461785722
0.0
71.78792928002989
80.73845551496802
71.69795193050601
63.34095664089483
97.27979579552122
0.0
91.1427692091298
49.07563878272448
95.78285320242763
0.0
90.42413978629807
94.18439029853016
0.0
90.88355057417817
0.0
0.0
0.0
43.65706111816083
0.0
77.38917443242593
0.0
0.0
38.09012561534382
74.82031148068984
72.45521958261742
63.5214792889993
65.75900362038767
72.39014879819139
95.11962806825662
44.89202820271265
0.0
35.17759786719261
37.317269332636464
0.0
89.18407330386194
53.604805237938
57.32187329111057
76.07070245766977
0.0
0.0
86.29481205130605
97.0525223881953
31.03185584350401
85.4621900611601
0.0
77.4803801419205
0.0
0.0
0.0
61.087690500122754
43.018061498101616
59.072135609431285
98.18173705150375
71.69720029437315
49.04047015865338
75.72750695422664
49.678962115362054
96.99058893681183
0.0
0.0
0.0
94.88740283802102
77.62466432439089
0.0
0.0
0.0
0.0
72.55751083987559
84.09599532127132
82.89568951463704
0.0
71.32302481437083
39.084622242011534
61.07562849122948
79.22759004065136
66.5276440999547
0.0
35.08790480869234
0.0
47.19258382261033
0.0
53.43946151115688
45.65025896021818
56.334163118587355
0.0
38.03830698341076
72.05422101581208
0.0
91.48546021523842
61.035775451441026
33.31551134699352
49.95502868360717
45.04062049091864
79.29561775184085
56.55839253174857
64.11636545194997
0.0
98.61629668543338
60.23583446561258
0.0
0.0
71.76665645685762
55.09274436972743
96.75284886519428
55.46938562404075
99.24827863123902
0.0
76.61025008531388
71.56323441420861
93.50498483623828
94.29417587863132
0.0
0.0
59.36631783710646
0.0
43.65706111816083
72.55751083987559
0.0
0.0
0.0
96.00787732806185
64.08883682554541
69.66308616165053
31.057677553928297
56.67080510089141
92.74332756120859
71.07337166139541
50.79482211928813
61.31611851496926
73.40686854487376
0.0
75.41075836951856
71.68464187253619
60.91497721749807
63.7665720128919
79.93402185546306
54.47100004605768
32.60776910387435
51.21773054156755
81.89925512386552
0.0
52.71178276952931
97.4580893613266
0.0
31.24261392453464
0.0
51.7239050975639
64.0527997047618
34.972393335289375
62.49087040566663
42.497489258012344
77.93667311652811
83.12235417771853
54.30399137323131
0.0
40.2823832923264
89.94891832938245
54.78794371886298
0.0
0.0
89.72631115846943
0.0
53.566832941007966
38.25706343442782
47.338072535322155
0.0
84.09599532127132
0.0
0.0
74.84223479624384
60.895282650653215
94.76387965101246
59.23469206234944
0.0
88.60400764522106
74.68070192092955
36.0880467880693
36.14677448110593
94.96860964856812
80.23907930511965
62.18466154948412
86.56965324623468
84.50387876437816
98.50314145930288
32.63012017890141
74.72806856737404
89.2083086943777
63.2546717859695
61.57089366309031
0.0
33.72890145820479
84.07660830441853
0.0
88.86186721760619
58.593243015446276
87.97991169350422
30.931263388535687
0.0
0.0
0.0
0.0
71.85939625300917
0.0
0.0
0.0
73.17444441060098
60.11094687572604
54.340496405909235
60.56423447273971
40.637354527629476
76.73357470186997
66.13112100934289
0.0
99.8142031095188
90.51136158573479
77.38917443242593
82.89568951463704
0.0
74.84223479624384
0.0
88.18767268428016
39.34947727806492
43.96159318881936
59.23516946086902
93.33846071135889
37.888153785220936
53.94343263767772
91.80095758083891
43.921330932863455
66.82803246536648
66.62309370379666
0.0
68.85376299659826
0.0
68.98425689806606
95.55445489792103
77.01032588097647
64.20948715132945
51.45660446104917
59.763591025158675
95.78828857447249
66.91301931006961
58.33708526657725
0.0
73.67462564162511
39.520859502033694
0.0
96.00694684967688
45.78242615235428
0.0
93.315080907814
79.13729660026928
47.589898362884625
96.49264497524271
45.907761057932134
71.59979459133604
0.0
0.0
69.49037577706787
51.07113981053119
32.26257785734795
61.06004546920505
77.73018747111706
0.0
56.137353716314784
0.0
0.0
96.00787732806185
60.895282650653215
88.18767268428016
0.0
49.39541059920131
82.92121047793607
40.944256651545
98.55970584315072
37.12702865710423
0.0
96.99461682818404
94.40491358466056
84.52318796324508
87.06336657221348
74.55786360566918
0.0
45.30330232924143
61.49033890918625
31.113165167356676
85.18944245926727
60.11529879994691
56.67598562366791
36.582060145297916
71.07704923530557
76.48829753587191
0.0
44.126293553654875
33.30456669906949
57.50436326915552
54.7194232325942
43.625826569516946
0.0
0.0
91.31177649573416
47.51207901725808
87.74081606852704
40.16934508307936
54.975197658135734
92.8550099677091
92.9020509904141
0.0
72.49000442544022
47.71904454220373
0.0
95.57757548474315
36.757492869167606
63.760865544688855
59.62313012623954
0.0
71.32302481437083
64.08883682554541
94.76387965101246
39.34947727806492
49.39541059920131
0.0
54.3641248717689
85.7845912191714
0.0
70.94139779015504
98.05603975094549
50.3471968876535
0.0
88.51657222071606
82.10116950519222
74.66795006269484
90.7992279875598
64.59055048835899
52.360820644637116
0.0
47.46586354485595
30.695038313610393
43.13428442981312
0.0
80.63955061451412
85.93568433852268
98.07491669582835
69.78019688767614
74.03140981932953
63.293382763464265
89.97528179387247
34.043101321318076
95.36394523480634
86.82850280976834
48.94169283029211
47.61562047136079
97.5704436526011
0.0
85.39964363837258
0.0
61.45857185048495
51.2043310584494
0.0
71.15648646317018
77.57098970269581
38.533634339324244
0.0
75.99651786526036
60.62489843989443
38.09012561534382
39.084622242011534
69.66308616165053
59.23469206234944
43.96159318881936
82.92121047793607
54.3641248717689
0.0
0.0
89.72995937440413
86.89188806400385
64.61709303281218
65.59300627741038
75.7733658245654
0.0
34.735302628780424
96.9130521285462
95.95972682000429
0.0
46.83563436420724
0.0
0.0
40.815403349694485
88.09749245168037
98.82634844556242
52.48024811226128
75.41307690352983
91.77422069406043
49.2710495998045
49.01006301370775
63.41903321410779
44.9861225833555
30.3857861838849
54.314510982824416
0.0
0.0
60.88986135082792
95.52237529303258
53.7947625059341
0.0
85.04941455777939
0.0
0.0
0.0
45.54427356998107
46.66683107431142
57.87381217077423
92.87971947338741
95.53081467861526
62.687943064352304
74.82031148068984
61.07562849122948
31.057677553928297
0.0
59.23516946086902
40.944256651545
85.7845912191714
0.0
0.0
end 
