Initialising...
0
20.67337468890694
28.799569872086387
1644.283432493
1
15.41670200532662
18.57127878570214
1687.618560108195
2
23.329717485389757
22.310835016357245
1025.8527759227848
3
20.316583558400886
22.1204412296074
1043.8904989767145
4
15.717723101457949
19.68729619168106
2583.8243262923925
0.0
0.0
0.0
48.415749296204964
47.63254341700935
0.0
0.0
0.0
95.1268907405749
68.65435021827858
0.0
0.0
0.0
62.27080395621355
97.67424870073775
48.415749296204964
95.1268907405749
62.27080395621355
0.0
78.88269899044288
47.63254341700935
68.65435021827858
97.67424870073775
78.88269899044288
0.0
end 
